-,-,-,-,-,-
-0.005084,-0.005276,-0.007399,0.008919,-0.001297,0.003643
-0.029684,-0.029110,-0.042856,0.051754,-0.006652,0.021133
-0.083862,-0.079217,-0.119710,0.144681,-0.016414,0.059115
-0.159249,-0.149540,-0.224294,0.271077,-0.027738,0.111149
-0.236925,-0.226718,-0.328383,0.397639,-0.038465,0.164395
-0.300372,-0.295223,-0.408167,0.498658,-0.048286,0.208789
-0.340701,-0.344790,-0.452229,0.565135,-0.056073,0.239050
-0.357724,-0.374000,-0.462049,0.603839,-0.058772,0.253692
-0.357994,-0.382959,-0.446667,0.628756,-0.054576,0.254380
-0.350478,-0.372826,-0.416228,0.650897,-0.044348,0.243756
-0.342024,-0.351560,-0.379156,0.674475,-0.030545,0.223104
-0.335519,-0.328049,-0.341591,0.699069,-0.016899,0.194995
-0.332043,-0.305417,-0.306019,0.721400,-0.006829,0.166309
-0.333928,-0.284372,-0.272378,0.736556,-0.003479,0.145957
-0.342560,-0.264806,-0.242423,0.739025,-0.011050,0.139132
-0.354926,-0.248275,-0.218059,0.725850,-0.030801,0.144422
-0.368585,-0.241228,-0.194658,0.705663,-0.059517,0.159112
-0.384522,-0.246870,-0.168554,0.695453,-0.093930,0.182500
-0.398964,-0.261010,-0.149707,0.701921,-0.125937,0.207761
-0.403737,-0.280211,-0.151213,0.717637,-0.139621,0.215912
-0.396408,-0.304183,-0.173616,0.733477,-0.124462,0.184321
-0.378572,-0.330025,-0.205331,0.750655,-0.081941,0.100975
-0.351510,-0.349055,-0.227350,0.780895,-0.022049,-0.026512
-0.318307,-0.343889,-0.220791,0.828101,0.038898,-0.168851
-0.281293,-0.289530,-0.179421,0.869901,0.090210,-0.281564
-0.244232,-0.182975,-0.118447,0.867298,0.134277,-0.322729
-0.218292,-0.065332,-0.065382,0.800623,0.171589,-0.276276
-0.212680,0.013221,-0.040205,0.684116,0.195124,-0.162400
-0.226095,0.034081,-0.047899,0.545039,0.205917,-0.023084
-0.254112,0.008006,-0.080210,0.407773,0.215675,0.105411
-0.293746,-0.045298,-0.120535,0.291948,0.232719,0.208277
-0.339571,-0.109295,-0.153595,0.210751,0.253608,0.287015
-0.381806,-0.172653,-0.173424,0.170071,0.266055,0.348725
-0.410838,-0.227506,-0.183112,0.168633,0.259240,0.400696
-0.423259,-0.268169,-0.188028,0.197281,0.232604,0.447150
-0.422289,-0.293233,-0.188482,0.243759,0.194483,0.487557
-0.415332,-0.307071,-0.177993,0.307970,0.154030,0.521566
-0.409187,-0.314212,-0.153778,0.406675,0.116194,0.554928
-0.403415,-0.315180,-0.127817,0.543864,0.086351,0.588045
-0.392530,-0.309808,-0.117649,0.683428,0.078310,0.593742
-0.377042,-0.299111,-0.126365,0.774588,0.103655,0.525429
-0.365986,-0.283601,-0.142616,0.796649,0.154717,0.359937
-0.363541,-0.263759,-0.158193,0.764185,0.213815,0.121334
-0.361581,-0.242162,-0.173143,0.703217,0.268883,-0.135316
-0.348529,-0.220463,-0.187303,0.636697,0.314654,-0.354484
-0.311671,-0.191526,-0.200304,0.582523,0.353896,-0.491528
-0.237335,-0.141255,-0.217418,0.547760,0.403542,-0.509334
-0.148773,-0.085717,-0.238308,0.515624,0.485139,-0.389533
-0.128564,-0.091351,-0.248512,0.460927,0.583370,-0.152595
-0.232289,-0.195632,-0.236066,0.395751,0.625336,0.114037
-0.393969,-0.337236,-0.198961,0.353260,0.556730,0.278894
-0.483057,-0.425038,-0.144349,0.330245,0.431767,0.264754
-0.450346,-0.438683,-0.093493,0.307787,0.355509,0.104443
-0.359055,-0.414235,-0.060667,0.296326,0.362624,-0.097297
-0.283270,-0.376015,-0.039010,0.315778,0.413700,-0.243377
-0.247471,-0.330444,-0.025936,0.364691,0.461030,-0.294278
-0.245947,-0.285846,-0.033823,0.419443,0.480460,-0.265306
-0.259809,-0.250089,-0.070640,0.447805,0.475365,-0.201002
-0.262623,-0.228229,-0.128646,0.435212,0.468877,-0.135147
-0.241460,-0.223039,-0.193060,0.398684,0.486518,-0.065311
-0.210913,-0.230559,-0.250183,0.367973,0.537585,0.025999
-0.197829,-0.243044,-0.286517,0.364094,0.611539,0.136743
-0.219993,-0.253754,-0.290403,0.391385,0.691649,0.243620
-0.276538,-0.257234,-0.260663,0.436262,0.761675,0.325417
-0.351585,-0.255935,-0.214229,0.477823,0.805399,0.376924
-0.425809,-0.258595,-0.177900,0.506569,0.811631,0.413125
-0.484612,-0.268643,-0.166953,0.531121,0.779553,0.452661
-0.520302,-0.282863,-0.175647,0.567498,0.720012,0.489499
-0.524384,-0.305112,-0.192108,0.628635,0.653894,0.510609
-0.488067,-0.346961,-0.210876,0.717229,0.609905,0.514340
-0.426785,-0.394732,-0.223536,0.819753,0.612891,0.484493
-0.384380,-0.404123,-0.218277,0.913968,0.659654,0.400823
-0.397543,-0.344206,-0.196289,0.978967,0.712349,0.277674
-0.467067,-0.221935,-0.172734,0.994089,0.724848,0.154676
-0.563983,-0.072937,-0.152190,0.948223,0.662853,0.064176
-0.643715,0.058124,-0.121294,0.844424,0.518057,0.009696
-0.658944,0.140257,-0.083188,0.679618,0.332441,-0.024266
-0.594503,0.157511,-0.065052,0.455987,0.176089,-0.049186
-0.482404,0.101499,-0.087167,0.214769,0.094742,-0.077343
-0.370893,-0.011537,-0.144962,0.024404,0.092349,-0.102523
-0.296132,-0.132481,-0.206179,-0.068553,0.141343,-0.088478
-0.274862,-0.211742,-0.232027,-0.079114,0.212673,-0.012926
-0.307314,-0.242130,-0.211280,-0.067524,0.295607,0.110290
-0.380166,-0.258665,-0.166577,-0.074822,0.375859,0.241137
-0.467057,-0.290029,-0.130934,-0.090054,0.427737,0.337269
-0.535502,-0.326958,-0.122523,-0.084198,0.439042,0.377126
-0.563373,-0.342398,-0.137585,-0.053130,0.415066,0.360677
-0.549570,-0.328355,-0.162185,-0.017216,0.367258,0.302696
-0.506893,-0.302116,-0.185253,0.006940,0.312106,0.222812
-0.452760,-0.280128,-0.201796,0.023008,0.265112,0.140844
-0.404066,-0.263472,-0.211696,0.045308,0.234317,0.075692
-0.368254,-0.244269,-0.217254,0.080334,0.229867,0.032040
-0.342165,-0.215061,-0.220854,0.127852,0.259903,0.005712
-0.323093,-0.180777,-0.220045,0.187604,0.315627,0.010206
-0.314404,-0.161341,-0.210081,0.244744,0.381498,0.056689
-0.323248,-0.175225,-0.192764,0.271978,0.439348,0.124704
-0.355543,-0.219621,-0.174345,0.258749,0.458701,0.191278
-0.411851,-0.271388,-0.162516,0.213828,0.414924,0.248813
-0.483487,-0.313144,-0.167489,0.148375,0.315947,0.287813
-0.551276,-0.348020,-0.199905,0.079055,0.191403,0.291081
-0.601474,-0.384707,-0.252765,0.034259,0.065189,0.239632
-0.634516,-0.422596,-0.292034,0.040047,-0.052168,0.129951
-0.651875,-0.448702,-0.291625,0.100306,-0.162965,-0.012351
-0.648113,-0.444629,-0.257383,0.192491,-0.273236,-0.148679
-0.615311,-0.403903,-0.210406,0.281742,-0.378919,-0.247399
-0.555666,-0.338374,-0.171245,0.338960,-0.468640,-0.290133
-0.484019,-0.268436,-0.153003,0.350884,-0.532921,-0.282285
-0.411044,-0.210280,-0.158612,0.321715,-0.566813,-0.252217
-0.335189,-0.166536,-0.183052,0.264317,-0.564920,-0.226787
-0.256334,-0.132779,-0.212593,0.189800,-0.519843,-0.208497
-0.188667,-0.112342,-0.226737,0.108931,-0.433882,-0.181405
-0.152052,-0.113402,-0.213195,0.036048,-0.326840,-0.135321
-0.154648,-0.136118,-0.178961,-0.016059,-0.226205,-0.074974
-0.189677,-0.171693,-0.140967,-0.043971,-0.152217,-0.014378
-0.242677,-0.210221,-0.112193,-0.053724,-0.112048,0.029593
-0.297078,-0.244960,-0.097065,-0.053212,-0.102190,0.043819
-0.335351,-0.270488,-0.093243,-0.046623,-0.111597,0.027075
-0.341478,-0.281098,-0.098387,-0.035692,-0.122829,-0.002251
-0.312581,-0.274530,-0.115135,-0.022680,-0.117424,-0.010556
-0.267554,-0.254514,-0.144180,-0.012413,-0.086291,0.023503
-0.233165,-0.227571,-0.176784,-0.013026,-0.034371,0.083049
-0.219399,-0.200542,-0.201159,-0.031088,0.025691,0.131597
-0.216743,-0.178414,-0.211120,-0.064748,0.085065,0.156570
-0.215605,-0.162380,-0.206234,-0.106351,0.144423,0.172424
-0.214884,-0.152512,-0.189477,-0.152249,0.209210,0.191840
-0.216447,-0.150406,-0.165514,-0.204269,0.282914,0.220107
-0.226288,-0.160503,-0.140232,-0.260220,0.362729,0.264941
-0.256097,-0.189928,-0.121615,-0.307743,0.435824,0.330197
-,-,-,-,-,-
-0.010766,-0.007967,-0.003157,-0.001674,0.005235,0.007432
-0.060761,-0.045028,-0.018450,-0.008658,0.028934,0.039307
-0.162013,-0.120028,-0.051805,-0.021614,0.077169,0.097845
-0.282232,-0.208305,-0.097406,-0.037801,0.140713,0.162889
-0.375676,-0.274383,-0.144020,-0.056604,0.208183,0.220701
-0.419994,-0.300658,-0.183910,-0.079112,0.271812,0.274134
-0.417890,-0.290729,-0.214625,-0.103072,0.323631,0.327664
-0.383986,-0.258842,-0.237190,-0.121653,0.356902,0.377695
-0.333443,-0.218572,-0.254425,-0.126685,0.370807,0.416145
-0.275795,-0.176549,-0.269424,-0.114188,0.373934,0.443189
-0.220680,-0.135459,-0.282133,-0.090387,0.383616,0.468268
-0.185246,-0.102521,-0.289657,-0.069820,0.413958,0.494523
-0.184602,-0.088698,-0.291984,-0.064208,0.459447,0.514557
-0.218284,-0.097107,-0.292212,-0.075266,0.499879,0.523117
-0.271977,-0.119209,-0.291963,-0.097148,0.522267,0.519835
-0.328596,-0.142130,-0.290709,-0.122686,0.529318,0.503085
-0.377135,-0.156712,-0.287593,-0.147276,0.530383,0.471347
-0.413011,-0.162304,-0.283143,-0.168062,0.530455,0.426904
-0.432731,-0.161887,-0.279102,-0.182100,0.527832,0.378923
-0.433986,-0.154845,-0.277336,-0.187866,0.518814,0.340426
-0.419987,-0.140831,-0.280742,-0.186174,0.502777,0.319628
-0.401667,-0.125063,-0.292517,-0.178882,0.484677,0.317166
-0.396478,-0.116007,-0.312597,-0.167775,0.468962,0.326635
-0.417990,-0.120269,-0.336864,-0.152512,0.449677,0.335625
-0.463493,-0.136852,-0.359483,-0.130997,0.413414,0.331054
-0.515749,-0.155991,-0.375175,-0.102719,0.353118,0.306311
-0.554036,-0.166689,-0.382214,-0.069149,0.274084,0.263530
-0.562882,-0.162634,-0.382975,-0.032083,0.187153,0.210401
-0.535455,-0.141071,-0.380715,0.005536,0.103644,0.157095
-0.474008,-0.102808,-0.377772,0.038219,0.036146,0.114352
-0.390639,-0.054069,-0.374466,0.058976,-0.004049,0.090423
-0.304937,-0.004985,-0.368176,0.061563,-0.011278,0.088615
-0.237227,0.031624,-0.356128,0.043621,0.012063,0.106884
-0.202036,0.043685,-0.338541,0.009250,0.055096,0.138537
-0.204448,0.028152,-0.317975,-0.033191,0.102308,0.173405
-0.238947,-0.008057,-0.298110,-0.075257,0.139782,0.200129
-0.292718,-0.054837,-0.283097,-0.109428,0.158315,0.209638
-0.351900,-0.103505,-0.276110,-0.129328,0.152537,0.197880
-0.403926,-0.146571,-0.277062,-0.131600,0.121979,0.167115
-0.437896,-0.176660,-0.281709,-0.118530,0.074554,0.124957
-0.447054,-0.189881,-0.286045,-0.098187,0.024385,0.080497
-0.432230,-0.187669,-0.290145,-0.078863,-0.016226,0.040885
-0.400795,-0.172415,-0.295890,-0.063377,-0.042144,0.010750
-0.359577,-0.145912,-0.305393,-0.050358,-0.053197,-0.006559
-0.312318,-0.111382,-0.319621,-0.039140,-0.048675,-0.009559
-0.264869,-0.072947,-0.334649,-0.031859,-0.027016,-0.000400
-0.225500,-0.037224,-0.347401,-0.031139,0.009990,0.018859
-0.199680,-0.011537,-0.360846,-0.037520,0.056903,0.048626
-0.189677,0.002715,-0.375042,-0.050410,0.108287,0.086809
-0.195662,0.007274,-0.384705,-0.068873,0.160205,0.126843
-0.227862,-0.002967,-0.383832,-0.087909,0.191246,0.164547
-0.303933,-0.035704,-0.368635,-0.098671,0.153715,0.202269
-0.405385,-0.079252,-0.344516,-0.096890,0.032691,0.241665
-0.480790,-0.107553,-0.322771,-0.085590,-0.117648,0.279932
-0.508322,-0.110322,-0.313919,-0.073385,-0.231883,0.302379
-0.509807,-0.092811,-0.324813,-0.070839,-0.285666,0.280738
-0.502130,-0.064891,-0.349468,-0.078323,-0.291277,0.210900
-0.465165,-0.048136,-0.379466,-0.081401,-0.266559,0.129685
-0.377849,-0.060628,-0.414926,-0.066679,-0.219785,0.073719
-0.268347,-0.090164,-0.446229,-0.038756,-0.167052,0.050342
-0.190488,-0.110475,-0.455626,-0.011554,-0.130132,0.049355
-0.167950,-0.110729,-0.439924,0.009420,-0.113409,0.060816
-0.191090,-0.094464,-0.409277,0.023670,-0.107118,0.075071
-0.239394,-0.069191,-0.375153,0.028993,-0.101893,0.081802
-0.291721,-0.043291,-0.346411,0.025683,-0.092644,0.077332
-0.333183,-0.022946,-0.327541,0.016412,-0.078696,0.063793
-0.356580,-0.010155,-0.319389,0.002516,-0.061368,0.043678
-0.360364,-0.004081,-0.321247,-0.014821,-0.041915,0.019897
-0.350641,-0.003167,-0.329573,-0.031677,-0.024043,-0.002319
-0.338232,-0.005814,-0.338453,-0.043228,-0.013238,-0.017416
-0.330279,-0.010089,-0.343793,-0.048179,-0.011664,-0.023666
-0.340224,-0.022093,-0.339844,-0.045666,-0.012276,-0.019400
-0.387943,-0.054072,-0.318861,-0.032851,-0.003721,-0.001445
-0.458495,-0.096557,-0.287929,-0.013860,0.009495,0.022835
-0.504726,-0.121668,-0.267415,0.000672,0.011137,0.038793
-0.503189,-0.117822,-0.267098,0.005091,-0.002476,0.042045
-0.465736,-0.093215,-0.281649,-0.000051,-0.022618,0.038187
-0.414836,-0.060966,-0.301797,-0.011753,-0.040346,0.033149
-0.368289,-0.032377,-0.320718,-0.025752,-0.050722,0.029470
-0.335453,-0.013732,-0.334790,-0.037990,-0.053161,0.026874
-0.318819,-0.005789,-0.342635,-0.046001,-0.050595,0.023803
-0.316064,-0.005592,-0.344665,-0.048998,-0.047353,0.019299
-0.322347,-0.009097,-0.342328,-0.046864,-0.045805,0.014815
-0.332418,-0.013129,-0.337484,-0.040127,-0.045106,0.012762
-0.342003,-0.016074,-0.332071,-0.030918,-0.043092,0.013428
-0.348489,-0.017645,-0.327761,-0.022417,-0.038197,0.014753
-0.351349,-0.018121,-0.325584,-0.016943,-0.030175,0.014524
-0.351640,-0.017795,-0.325484,-0.015022,-0.020293,0.011809
-0.350653,-0.016904,-0.326480,-0.015767,-0.010422,0.007064
-0.349265,-0.015607,-0.327559,-0.017722,-0.001777,0.001538
-0.348020,-0.014077,-0.328250,-0.019613,0.005230,-0.003543
-0.347206,-0.012709,-0.328550,-0.020740,0.010531,-0.007413
-0.346893,-0.012005,-0.328632,-0.020990,0.014168,-0.009817
-0.346979,-0.012156,-0.328622,-0.020632,0.016204,-0.010880
-0.347227,-0.012951,-0.328565,-0.020053,0.016698,-0.010923
-0.347356,-0.013937,-0.328512,-0.019588,0.015787,-0.010318
-0.347181,-0.014624,-0.328578,-0.019441,0.013751,-0.009380
-0.346763,-0.014765,-0.328729,-0.019681,0.010918,-0.008322
-0.346396,-0.014459,-0.328717,-0.020272,0.007656,-0.007283
-0.346229,-0.013952,-0.328457,-0.021063,0.004458,-0.006373
-0.346226,-0.013504,-0.328118,-0.021838,0.001795,-0.005679
-0.346445,-0.013364,-0.327913,-0.022457,-0.000179,-0.005245
-0.346924,-0.013592,-0.328068,-0.022901,-0.001711,-0.005014
-0.347446,-0.014054,-0.328617,-0.023233,-0.003228,-0.004805
-0.347779,-0.014570,-0.329076,-0.023529,-0.004918,-0.004472
-0.347912,-0.014951,-0.328961,-0.023816,-0.006529,-0.004056
-0.347928,-0.015073,-0.328384,-0.024047,-0.007595,-0.003735
-0.347817,-0.014945,-0.327762,-0.024139,-0.007818,-0.003655
-0.347518,-0.014695,-0.327406,-0.024033,-0.007194,-0.003846
-0.347134,-0.014443,-0.327331,-0.023726,-0.005736,-0.004277
-0.346918,-0.014234,-0.327335,-0.023233,-0.003212,-0.004955
-0.346989,-0.014074,-0.327322,-0.022539,0.000634,-0.005949
-0.347175,-0.013862,-0.327384,-0.021643,0.005702,-0.007280
-0.347223,-0.013558,-0.327587,-0.020631,0.011482,-0.008870
-0.347132,-0.013353,-0.327903,-0.019669,0.017293,-0.010608
-0.347048,-0.013493,-0.328380,-0.018955,0.022521,-0.012442
-0.346928,-0.014016,-0.329123,-0.018613,0.026638,-0.014298
-0.346646,-0.014724,-0.330096,-0.018593,0.029190,-0.015916
-0.346226,-0.015446,-0.331129,-0.018713,0.029983,-0.016924
-0.345778,-0.016107,-0.332023,-0.018816,0.029235,-0.017110
-0.345370,-0.016603,-0.332597,-0.018858,0.027417,-0.016534
-0.344939,-0.016799,-0.332823,-0.018933,0.024987,-0.015468
-0.344403,-0.016554,-0.332818,-0.019208,0.022340,-0.014272
-0.343779,-0.015957,-0.332691,-0.019799,0.019839,-0.013294
-0.343108,-0.015382,-0.332441,-0.020706,0.017777,-0.012797
-0.342490,-0.015121,-0.332046,-0.021889,0.016340,-0.012955
-0.342098,-0.015196,-0.331691,-0.023805,0.015745,-0.014315
-0.342001,-0.015450,-0.331647,-0.027408,0.016273,-0.017823
-,-,-,-,-,-
-0.006162,-0.000309,-0.006043,-0.000511,0.000334,-0.000368
-0.035546,-0.001764,-0.034841,-0.002869,0.001914,-0.002057
-0.098565,-0.004833,-0.096584,-0.007687,0.005289,-0.005471
-0.182601,-0.008888,-0.178903,-0.013674,0.009806,-0.009659
-0.264013,-0.012880,-0.258659,-0.018927,0.014256,-0.013272
-0.325313,-0.016020,-0.318791,-0.022377,0.017682,-0.015555
-0.360244,-0.017887,-0.353223,-0.024007,0.019636,-0.016491
-0.371892,-0.018547,-0.365054,-0.024412,0.020237,-0.016540
-0.368146,-0.018459,-0.362161,-0.024251,0.019930,-0.016198
-0.357447,-0.018090,-0.352786,-0.023893,0.018983,-0.015667
-0.346221,-0.017683,-0.342858,-0.023385,0.017295,-0.014812
-0.338064,-0.017363,-0.335504,-0.022709,0.014710,-0.013439
-0.334072,-0.017294,-0.331726,-0.022011,0.011398,-0.011580
-0.333572,-0.017474,-0.330998,-0.021539,0.007860,-0.009525
-0.335065,-0.017693,-0.332032,-0.021443,0.004674,-0.007685
-0.337169,-0.017743,-0.333686,-0.021700,0.002376,-0.006432
-0.338973,-0.017578,-0.335183,-0.022157,0.001326,-0.005964
-0.339933,-0.017403,-0.336174,-0.022598,0.001505,-0.006201
-0.339884,-0.017402,-0.336752,-0.022835,0.002585,-0.006851
-0.339148,-0.017516,-0.337049,-0.022771,0.004158,-0.007573
-0.338412,-0.017672,-0.337055,-0.022443,0.005825,-0.008111
-0.338181,-0.017940,-0.336784,-0.021996,0.007184,-0.008338
-0.338425,-0.018392,-0.336403,-0.021579,0.007903,-0.008240
-0.338869,-0.018878,-0.336086,-0.021301,0.007899,-0.007918
-0.339295,-0.019064,-0.335873,-0.021268,0.007411,-0.007585
-0.339522,-0.018815,-0.335768,-0.021691,0.006892,-0.007565
-0.339474,-0.018315,-0.335915,-0.022872,0.006662,-0.008178
-0.339207,-0.017816,-0.336497,-0.024824,0.006500,-0.009372
-0.338889,-0.017551,-0.337377,-0.027007,0.005694,-0.010576
-0.338751,-0.017644,-0.338170,-0.028673,0.003530,-0.011064
-0.338898,-0.017909,-0.338609,-0.029401,-0.000290,-0.010396
-0.339291,-0.017987,-0.338602,-0.029377,-0.005365,-0.008705
-0.339789,-0.017770,-0.338240,-0.029229,-0.010706,-0.006656
-0.340212,-0.017491,-0.337813,-0.029518,-0.015360,-0.004965
-0.340479,-0.017431,-0.337537,-0.030282,-0.019009,-0.003823
-0.340656,-0.017650,-0.337324,-0.031031,-0.021913,-0.002832
-0.340827,-0.017938,-0.336979,-0.031261,-0.024303,-0.001585
-0.340947,-0.018055,-0.336440,-0.030901,-0.026038,-0.000129
-0.340897,-0.017957,-0.335720,-0.030203,-0.026829,0.001181
-0.340789,-0.017758,-0.334781,-0.029395,-0.026518,0.002017
-0.340956,-0.017538,-0.333722,-0.028546,-0.025063,0.002171
-0.341569,-0.017220,-0.332911,-0.027624,-0.022366,0.001557
-0.342429,-0.016808,-0.332649,-0.026572,-0.018374,0.000248
-0.343118,-0.016499,-0.332879,-0.025396,-0.013438,-0.001489
-0.343416,-0.016339,-0.333332,-0.024196,-0.008326,-0.003269
-0.343364,-0.016136,-0.333714,-0.023116,-0.003825,-0.004764
-0.343018,-0.015817,-0.333883,-0.022275,-0.000406,-0.005830
-0.342437,-0.015531,-0.333873,-0.021722,0.001827,-0.006488
-0.341700,-0.015471,-0.333740,-0.021443,0.002971,-0.006813
-0.341010,-0.015687,-0.333573,-0.021412,0.003148,-0.006841
-0.340746,-0.016109,-0.333402,-0.021569,0.002526,-0.006590
-0.341084,-0.016680,-0.333242,-0.021821,0.001377,-0.006121
-0.341725,-0.017186,-0.333267,-0.022083,0.000099,-0.005563
-0.342279,-0.017274,-0.333496,-0.022297,-0.000794,-0.005110
-0.342623,-0.016908,-0.333601,-0.022411,-0.000767,-0.004956
-0.342704,-0.016340,-0.333465,-0.022346,0.000590,-0.005230
-0.342439,-0.015745,-0.333367,-0.021990,0.003422,-0.005986
-0.341928,-0.015228,-0.333404,-0.021233,0.007528,-0.007204
-0.341399,-0.014989,-0.333476,-0.020044,0.012419,-0.008757
-0.340948,-0.015230,-0.333675,-0.018551,0.017548,-0.010453
-0.340514,-0.015877,-0.334038,-0.016986,0.022443,-0.012107
-0.340014,-0.016639,-0.334439,-0.015592,0.026639,-0.013531
-0.339535,-0.017318,-0.334827,-0.014604,0.029624,-0.014499
-0.339296,-0.017789,-0.335146,-0.014206,0.031048,-0.014815
-0.339347,-0.017899,-0.335264,-0.014448,0.030989,-0.014445
-0.339497,-0.017628,-0.335132,-0.015203,0.029866,-0.013553
-0.339507,-0.017165,-0.334876,-0.016238,0.028079,-0.012396
-0.339271,-0.016746,-0.334788,-0.017282,0.025786,-0.011238
-0.338877,-0.016563,-0.335167,-0.018124,0.022973,-0.010275
-0.338488,-0.016721,-0.336061,-0.018734,0.019644,-0.009555
-0.338278,-0.017200,-0.337229,-0.019251,0.015849,-0.008980
-0.338347,-0.017922,-0.338349,-0.019857,0.011578,-0.008386
-0.338553,-0.018740,-0.339183,-0.020636,0.006770,-0.007598
-0.338692,-0.019361,-0.339588,-0.021536,0.001519,-0.006555
-0.338707,-0.019573,-0.339507,-0.022435,-0.003793,-0.005385
-0.338618,-0.019481,-0.338981,-0.023224,-0.008558,-0.004285
-0.338555,-0.019331,-0.338182,-0.023817,-0.012159,-0.003412
-0.338750,-0.019264,-0.337406,-0.024197,-0.014234,-0.002845
-0.339271,-0.019258,-0.336875,-0.024413,-0.014858,-0.002575
-0.339862,-0.019152,-0.336622,-0.024505,-0.014439,-0.002524
-0.340198,-0.018772,-0.336643,-0.024482,-0.013389,-0.002611
-0.340134,-0.018132,-0.336869,-0.024367,-0.011893,-0.002809
-0.339718,-0.017431,-0.337018,-0.024192,-0.009957,-0.003162
-0.339165,-0.016845,-0.336848,-0.023947,-0.007537,-0.003723
-0.338788,-0.016429,-0.336516,-0.023616,-0.004763,-0.004448
-0.338725,-0.016178,-0.336396,-0.023259,-0.002175,-0.005151
-0.338809,-0.016110,-0.336585,-0.022990,-0.000549,-0.005580
-0.338800,-0.016190,-0.336905,-0.022900,-0.000480,-0.005547
-0.338635,-0.016358,-0.337195,-0.023070,-0.002228,-0.004994
-0.338473,-0.016680,-0.337424,-0.023603,-0.005663,-0.003938
-0.338491,-0.017208,-0.337687,-0.024528,-0.010165,-0.002480
-0.338709,-0.017814,-0.337951,-0.025716,-0.014845,-0.000869
-0.338999,-0.018308,-0.338001,-0.026934,-0.019069,0.000614
-0.339144,-0.018545,-0.337748,-0.027956,-0.022615,0.001876
-0.339028,-0.018475,-0.337304,-0.028572,-0.025449,0.002999
-0.338792,-0.018168,-0.336892,-0.028573,-0.027573,0.004107
-0.338731,-0.017669,-0.336627,-0.027901,-0.028976,0.005170
-0.339031,-0.016983,-0.336208,-0.026772,-0.029533,0.005917
-0.339674,-0.016160,-0.335178,-0.025534,-0.028944,0.006007
-0.340545,-0.015245,-0.333579,-0.024454,-0.026806,0.005237
-0.341438,-0.014397,-0.331945,-0.023643,-0.022890,0.003618
-0.342163,-0.013870,-0.330738,-0.023070,-0.017450,0.001369
-0.342660,-0.013722,-0.330197,-0.022625,-0.011203,-0.001149
-0.342920,-0.013820,-0.330446,-0.022205,-0.005043,-0.003556
-0.342978,-0.014054,-0.331406,-0.021765,0.000226,-0.005542
-0.342919,-0.014471,-0.332613,-0.021320,0.004053,-0.006905
-0.342838,-0.015093,-0.333485,-0.020955,0.006231,-0.007616
-0.342743,-0.015781,-0.333955,-0.020763,0.006872,-0.007815
-0.342593,-0.016345,-0.334185,-0.020853,0.006573,-0.007687
-0.342415,-0.016641,-0.334077,-0.021303,0.006379,-0.007404
-0.342261,-0.016661,-0.333698,-0.021994,0.006666,-0.007101
-0.342173,-0.016497,-0.333368,-0.022674,0.006473,-0.006777
-0.342176,-0.016305,-0.333201,-0.023158,0.004867,-0.006348
-0.342255,-0.016267,-0.333088,-0.023320,0.002281,-0.005892
-0.342347,-0.016369,-0.332810,-0.023141,0.000121,-0.005645
-0.342426,-0.016407,-0.332217,-0.022732,-0.000375,-0.005795
-0.342533,-0.016286,-0.331511,-0.022195,0.001078,-0.006360
-0.342555,-0.016110,-0.331171,-0.021571,0.003809,-0.007190
-0.342201,-0.015987,-0.331495,-0.020888,0.006842,-0.008074
-0.341515,-0.015990,-0.332323,-0.020217,0.009436,-0.008826
-0.340988,-0.016165,-0.333324,-0.019687,0.011100,-0.009305
-0.340876,-0.016436,-0.334312,-0.019441,0.011538,-0.009446
-0.340948,-0.016730,-0.335063,-0.019568,0.010746,-0.009249
-0.340954,-0.017056,-0.335400,-0.020042,0.008980,-0.008753
-0.340870,-0.017255,-0.335413,-0.020764,0.006581,-0.008032
-0.340802,-0.017174,-0.335259,-0.021614,0.003817,-0.007177
-0.340854,-0.016974,-0.335064,-0.022471,0.000852,-0.006239
-0.340904,-0.016955,-0.334986,-0.023225,-0.002149,-0.005231
-,-,-,-,-,-
-0.006206,-0.000245,-0.006109,-0.000438,-0.000185,-0.000040
-0.035771,-0.001532,-0.035114,-0.002535,-0.001080,-0.000229
-0.099133,-0.004611,-0.097075,-0.007055,-0.003058,-0.000616
-0.183574,-0.009111,-0.179490,-0.013110,-0.005807,-0.001105
-0.265337,-0.013564,-0.259292,-0.018963,-0.008564,-0.001605
-0.326960,-0.016603,-0.319418,-0.023278,-0.010522,-0.002134
-0.362317,-0.017937,-0.353638,-0.025549,-0.011119,-0.002725
-0.374409,-0.018130,-0.364906,-0.026014,-0.010298,-0.003351
-0.370815,-0.017786,-0.361103,-0.025327,-0.008477,-0.003944
-0.359930,-0.017220,-0.350699,-0.024189,-0.006233,-0.004440
-0.348464,-0.016591,-0.339941,-0.023114,-0.004027,-0.004800
-0.340199,-0.016010,-0.332201,-0.022367,-0.002160,-0.005025
-0.336215,-0.015615,-0.328416,-0.021987,-0.000857,-0.005152
-0.335781,-0.015509,-0.327708,-0.021855,-0.000199,-0.005206
-0.337373,-0.015601,-0.328634,-0.021833,-0.000015,-0.005211
-0.339576,-0.015687,-0.330223,-0.021836,-0.000005,-0.005212
-0.341454,-0.015659,-0.331977,-0.021809,0.000104,-0.005257
-0.342597,-0.015514,-0.333609,-0.021721,0.000501,-0.005392
-0.342995,-0.015332,-0.334805,-0.021591,0.001249,-0.005625
-0.342829,-0.015270,-0.335189,-0.021455,0.002216,-0.005875
-0.342363,-0.015353,-0.334689,-0.021366,0.003097,-0.006034
-0.341851,-0.015532,-0.333740,-0.021396,0.003572,-0.006047
-0.341440,-0.015891,-0.332909,-0.021559,0.003470,-0.005917
-0.341177,-0.016440,-0.332489,-0.021796,0.002801,-0.005682
-0.341023,-0.017032,-0.332518,-0.022061,0.001714,-0.005408
-0.340950,-0.017530,-0.332793,-0.022338,0.000433,-0.005154
-0.341016,-0.017792,-0.332928,-0.022608,-0.000827,-0.004964
-0.341304,-0.017751,-0.332745,-0.022845,-0.001916,-0.004836
-0.341808,-0.017517,-0.332495,-0.023034,-0.002784,-0.004739
-0.342399,-0.017237,-0.332545,-0.023161,-0.003450,-0.004675
-0.342911,-0.016943,-0.332965,-0.023215,-0.003940,-0.004645
-0.343317,-0.016589,-0.333496,-0.023207,-0.004252,-0.004622
-0.343668,-0.016199,-0.333894,-0.023157,-0.004371,-0.004605
-0.343874,-0.015946,-0.334123,-0.023061,-0.004268,-0.004635
-0.343876,-0.015978,-0.334189,-0.022921,-0.003942,-0.004730
-0.343776,-0.016213,-0.333972,-0.022807,-0.003509,-0.004842
-0.343599,-0.016406,-0.333434,-0.022786,-0.003211,-0.004893
-0.343341,-0.016397,-0.332893,-0.022853,-0.003254,-0.004849
-0.343014,-0.016265,-0.332724,-0.022967,-0.003626,-0.004756
-0.342579,-0.016186,-0.332852,-0.023094,-0.004114,-0.004663
-0.342086,-0.016291,-0.332957,-0.023218,-0.004478,-0.004599
-0.341694,-0.016619,-0.332929,-0.023333,-0.004627,-0.004554
-0.341540,-0.017001,-0.332760,-0.023435,-0.004636,-0.004476
-0.341635,-0.017235,-0.332591,-0.023539,-0.004664,-0.004334
-0.341951,-0.017300,-0.332746,-0.023699,-0.004886,-0.004140
-0.342522,-0.017234,-0.333211,-0.023958,-0.005451,-0.003873
-0.343272,-0.017032,-0.333571,-0.024315,-0.006484,-0.003517
-0.343989,-0.016653,-0.333523,-0.024738,-0.008136,-0.003087
-0.344459,-0.016170,-0.333025,-0.025185,-0.010451,-0.002587
-0.344608,-0.015699,-0.332231,-0.025600,-0.013054,-0.002053
-0.344637,-0.015194,-0.331383,-0.025868,-0.015088,-0.001637
-0.344797,-0.014706,-0.330637,-0.025827,-0.015662,-0.001549
-0.345110,-0.014407,-0.330119,-0.025404,-0.014422,-0.001905
-0.345397,-0.014281,-0.329962,-0.024691,-0.011665,-0.002659
-0.345501,-0.014202,-0.330213,-0.023849,-0.008059,-0.003647
-0.345401,-0.014163,-0.330705,-0.023023,-0.004301,-0.004663
-0.345171,-0.014210,-0.330996,-0.022330,-0.000908,-0.005552
-0.344926,-0.014346,-0.330866,-0.021830,0.001775,-0.006237
-0.344715,-0.014582,-0.330704,-0.021495,0.003536,-0.006686
-0.344521,-0.014926,-0.330948,-0.021287,0.004367,-0.006909
-0.344350,-0.015304,-0.331549,-0.021209,0.004444,-0.006936
-0.344185,-0.015497,-0.332266,-0.021277,0.003983,-0.006808
-0.344028,-0.015380,-0.332935,-0.021486,0.003105,-0.006564
-0.343941,-0.015117,-0.333323,-0.021798,0.001823,-0.006216
-0.343913,-0.014920,-0.333431,-0.022178,0.000140,-0.005768
-0.343809,-0.014911,-0.333514,-0.022626,-0.001908,-0.005228
-0.343458,-0.015046,-0.333467,-0.023150,-0.004289,-0.004573
-0.342951,-0.015112,-0.332983,-0.023736,-0.006985,-0.003774
-0.342672,-0.015068,-0.332153,-0.024330,-0.009975,-0.002856
-0.342831,-0.015116,-0.331406,-0.024812,-0.013060,-0.001874
-0.343284,-0.015421,-0.331034,-0.025060,-0.015726,-0.000897
-0.343840,-0.015845,-0.330879,-0.025048,-0.017385,-0.000091
-0.344443,-0.016015,-0.330605,-0.024837,-0.017690,0.000294
-0.345034,-0.015707,-0.330086,-0.024542,-0.016625,0.000071
-0.345515,-0.014979,-0.329401,-0.024313,-0.014598,-0.000718
-0.345825,-0.014014,-0.328688,-0.024257,-0.012381,-0.001770
-0.346009,-0.013079,-0.327977,-0.024349,-0.010537,-0.002733
-0.346233,-0.012425,-0.327293,-0.024456,-0.008989,-0.003478
-0.346570,-0.012146,-0.326833,-0.024429,-0.007303,-0.004098
-0.346907,-0.012214,-0.326790,-0.024162,-0.005244,-0.004697
-0.347098,-0.012567,-0.327156,-0.023632,-0.003026,-0.005275
-0.347127,-0.013074,-0.327770,-0.022954,-0.001145,-0.005748
-0.347061,-0.013543,-0.328529,-0.022349,-0.000076,-0.006012
-0.346862,-0.013867,-0.329464,-0.022013,-0.000078,-0.005994
-0.346473,-0.014088,-0.330466,-0.022011,-0.001127,-0.005707
-0.345912,-0.014237,-0.331189,-0.022270,-0.002961,-0.005236
-0.345280,-0.014352,-0.331389,-0.022637,-0.005174,-0.004679
-0.344830,-0.014535,-0.331065,-0.022977,-0.007285,-0.004130
-0.344762,-0.014767,-0.330336,-0.023224,-0.008823,-0.003687
-0.344998,-0.014875,-0.329452,-0.023354,-0.009415,-0.003449
-0.345319,-0.014700,-0.328756,-0.023330,-0.008844,-0.003487
-0.345595,-0.014277,-0.328442,-0.023122,-0.007146,-0.003825
-0.345833,-0.013810,-0.328429,-0.022753,-0.004660,-0.004425
-0.346068,-0.013379,-0.328589,-0.022284,-0.001937,-0.005158
-0.346285,-0.012962,-0.328975,-0.021816,0.000417,-0.005847
-0.346425,-0.012686,-0.329510,-0.021492,0.001949,-0.006344
-0.346468,-0.012726,-0.329859,-0.021407,0.002503,-0.006551
-0.346528,-0.013026,-0.329849,-0.021548,0.002116,-0.006437
-0.346738,-0.013374,-0.329561,-0.021843,0.000889,-0.006044
-0.347114,-0.013593,-0.329123,-0.022232,-0.000986,-0.005457
-0.347579,-0.013582,-0.328680,-0.022668,-0.003108,-0.004809
-0.348004,-0.013354,-0.328303,-0.023062,-0.004882,-0.004278
-0.348256,-0.013003,-0.327945,-0.023303,-0.005802,-0.003997
-0.348229,-0.012695,-0.327672,-0.023334,-0.005723,-0.003985
-0.347882,-0.012682,-0.327680,-0.023161,-0.004871,-0.004169
-0.347327,-0.013089,-0.327948,-0.022837,-0.003642,-0.004479
-0.346750,-0.013751,-0.328251,-0.022481,-0.002344,-0.004872
-0.346269,-0.014331,-0.328487,-0.022206,-0.001161,-0.005284
-0.345981,-0.014610,-0.328697,-0.022060,-0.000304,-0.005617
-0.345973,-0.014653,-0.328922,-0.022073,-0.000033,-0.005769
-0.346221,-0.014665,-0.329177,-0.022244,-0.000479,-0.005685
-0.346579,-0.014673,-0.329350,-0.022490,-0.001481,-0.005419
-0.346922,-0.014557,-0.329271,-0.022704,-0.002663,-0.005102
-0.347201,-0.014427,-0.328961,-0.022826,-0.003653,-0.004843
-0.347416,-0.014501,-0.328503,-0.022823,-0.004166,-0.004721
-0.347666,-0.014699,-0.328026,-0.022664,-0.003969,-0.004804
-0.348045,-0.014799,-0.327810,-0.022364,-0.002974,-0.005127
-0.348467,-0.014810,-0.327947,-0.022009,-0.001338,-0.005627
-0.348731,-0.014865,-0.328247,-0.021672,0.000573,-0.006134
-0.348753,-0.014926,-0.328541,-0.021422,0.002277,-0.006462
-0.348557,-0.014853,-0.328793,-0.021350,0.003315,-0.006512
-0.348148,-0.014720,-0.329041,-0.021473,0.003421,-0.006294
-0.347584,-0.014774,-0.329320,-0.021729,0.002614,-0.005880
-0.347015,-0.015115,-0.329524,-0.022006,0.001089,-0.005324
-0.346591,-0.015710,-0.329508,-0.021949,-0.001006,-0.004413
-0.346362,-0.016342,-0.329281,-0.021032,-0.003716,-0.002624
-0.346330,-0.016636,-0.329030,-0.019324,-0.007120,0.000121
-0.346484,-0.016410,-0.329019,-0.017665,-0.011080,0.003114
-,-,-,-,-,-
-0.006301,-0.000203,-0.005897,-0.000397,-0.000399,0.000033
-0.036292,-0.001261,-0.033939,-0.002234,-0.002169,0.000176
-0.100127,-0.004523,-0.094199,-0.005557,-0.004956,0.000933
-0.184250,-0.011034,-0.175134,-0.008671,-0.006337,0.002994
-0.264755,-0.019756,-0.254325,-0.010686,-0.004658,0.005612
-0.325124,-0.026972,-0.314384,-0.012345,-0.000362,0.007005
-0.360716,-0.027524,-0.348412,-0.014354,0.004631,0.006391
-0.375093,-0.020609,-0.359140,-0.016758,0.007751,0.004132
-0.374658,-0.011822,-0.354665,-0.019083,0.007817,0.001078
-0.366370,-0.006161,-0.343558,-0.020823,0.005603,-0.001882
-0.356310,-0.004568,-0.332255,-0.021844,0.002597,-0.004223
-0.348275,-0.005972,-0.324533,-0.022258,0.000141,-0.005762
-0.343768,-0.008749,-0.321424,-0.022276,-0.001095,-0.006538
-0.342674,-0.011470,-0.321825,-0.022137,-0.001299,-0.006725
-0.343865,-0.013304,-0.323951,-0.022041,-0.001076,-0.006563
-0.345837,-0.014081,-0.326339,-0.022083,-0.000907,-0.006277
-0.347453,-0.014060,-0.328090,-0.022221,-0.000984,-0.005994
-0.348313,-0.013628,-0.328934,-0.022346,-0.001244,-0.005751
-0.348608,-0.013127,-0.329117,-0.022403,-0.001432,-0.005559
-0.348605,-0.012772,-0.329036,-0.022403,-0.001316,-0.005438
-0.348383,-0.012549,-0.328863,-0.022354,-0.000857,-0.005426
-0.348063,-0.012340,-0.328598,-0.022266,-0.000196,-0.005521
-0.347842,-0.012160,-0.328287,-0.022184,0.000437,-0.005662
-0.347750,-0.012027,-0.328040,-0.022139,0.000809,-0.005775
-0.347687,-0.011835,-0.328011,-0.022132,0.000755,-0.005820
-0.347621,-0.011544,-0.328178,-0.022160,0.000278,-0.005794
-0.347638,-0.011225,-0.328216,-0.022226,-0.000498,-0.005723
-0.347764,-0.010984,-0.327953,-0.022320,-0.001439,-0.005646
-0.347872,-0.010962,-0.327632,-0.022414,-0.002410,-0.005609
-0.347812,-0.011278,-0.327488,-0.022483,-0.003216,-0.005645
-0.347641,-0.011865,-0.327506,-0.022494,-0.003624,-0.005743
-0.347559,-0.012517,-0.327586,-0.022434,-0.003492,-0.005858
-0.347627,-0.013116,-0.327563,-0.022308,-0.002863,-0.005958
-0.347847,-0.013548,-0.327319,-0.022149,-0.001975,-0.006027
-0.348246,-0.013693,-0.326879,-0.022009,-0.001108,-0.006054
-0.348737,-0.013599,-0.326382,-0.021922,-0.000362,-0.006047
-0.349075,-0.013383,-0.326053,-0.021890,0.000335,-0.006023
-0.348995,-0.013185,-0.326019,-0.021891,0.000993,-0.005972
-0.348526,-0.013103,-0.326298,-0.021909,0.001509,-0.005894
-0.348023,-0.013034,-0.326880,-0.021945,0.001769,-0.005819
-0.347704,-0.012900,-0.327682,-0.022001,0.001680,-0.005767
-0.347520,-0.012781,-0.328482,-0.022072,0.001191,-0.005734
-0.347475,-0.012748,-0.328957,-0.022155,0.000359,-0.005719
-0.347605,-0.012803,-0.328937,-0.022217,-0.000597,-0.005743
-0.347788,-0.012812,-0.328494,-0.022219,-0.001352,-0.005821
-0.347965,-0.012601,-0.327866,-0.022167,-0.001689,-0.005920
-0.348240,-0.012237,-0.327388,-0.022108,-0.001647,-0.005981
-0.348637,-0.012050,-0.327297,-0.022088,-0.001426,-0.005978
-0.349004,-0.012280,-0.327500,-0.022121,-0.001287,-0.005910
-0.349122,-0.012831,-0.327689,-0.022180,-0.001458,-0.005789
-0.348854,-0.013442,-0.327723,-0.022210,-0.001923,-0.005685
-0.348294,-0.013915,-0.327713,-0.022174,-0.002377,-0.005656
-0.347785,-0.014242,-0.327743,-0.022082,-0.002450,-0.005686
-0.347537,-0.014531,-0.327703,-0.021979,-0.001963,-0.005741
-0.347411,-0.014728,-0.327555,-0.021911,-0.001040,-0.005812
-0.347310,-0.014659,-0.327566,-0.021885,-0.000043,-0.005877
-0.347325,-0.014338,-0.327950,-0.021891,0.000683,-0.005899
-0.347434,-0.013978,-0.328585,-0.021942,0.000996,-0.005873
-0.347473,-0.013797,-0.329136,-0.022030,0.000964,-0.005828
-0.347367,-0.013844,-0.329212,-0.022120,0.000747,-0.005800
-0.347278,-0.013973,-0.328717,-0.022205,0.000450,-0.005810
-0.347496,-0.013985,-0.327982,-0.022292,0.000099,-0.005861
-0.348088,-0.013802,-0.327373,-0.022367,-0.000263,-0.005950
-0.348741,-0.013605,-0.327026,-0.022396,-0.000608,-0.006047
-0.349115,-0.013563,-0.326864,-0.022375,-0.000951,-0.006088
-0.349190,-0.013440,-0.326822,-0.022332,-0.001318,-0.006057
-0.349089,-0.012957,-0.326964,-0.022296,-0.001708,-0.005983
-0.348818,-0.012260,-0.327289,-0.022269,-0.002091,-0.005880
-0.348368,-0.011725,-0.327723,-0.022232,-0.002411,-0.005771
-0.347854,-0.011542,-0.328107,-0.022187,-0.002515,-0.005719
-0.347439,-0.011595,-0.328227,-0.022164,-0.002223,-0.005761
-0.347185,-0.011698,-0.328086,-0.022173,-0.001573,-0.005849
-0.347023,-0.011774,-0.327843,-0.022181,-0.000855,-0.005926
-0.346912,-0.011856,-0.327676,-0.022160,-0.000374,-0.005956
-0.346981,-0.012139,-0.327770,-0.022115,-0.000246,-0.005910
-0.347395,-0.012720,-0.328126,-0.022066,-0.000383,-0.005795
-0.348067,-0.013341,-0.328527,-0.022035,-0.000633,-0.005672
-0.348653,-0.013746,-0.328687,-0.022048,-0.000888,-0.005611
-0.348841,-0.013932,-0.328329,-0.022121,-0.001060,-0.005637
-0.348650,-0.013930,-0.327540,-0.022236,-0.000997,-0.005705
-0.348444,-0.013771,-0.326882,-0.022339,-0.000560,-0.005765
-0.348564,-0.013544,-0.326742,-0.022394,0.000211,-0.005832
-0.348978,-0.013389,-0.326918,-0.022396,0.001090,-0.005942
-0.349369,-0.013385,-0.327009,-0.022360,0.001866,-0.006066
-0.349508,-0.013374,-0.326896,-0.022301,0.002457,-0.006141
-0.349387,-0.013165,-0.326759,-0.022224,0.002824,-0.006141
-0.349037,-0.012840,-0.326701,-0.022144,0.002927,-0.006094
-0.348527,-0.012544,-0.326640,-0.022096,0.002770,-0.006039
-0.348064,-0.012344,-0.326461,-0.022092,0.002412,-0.005992
-0.347785,-0.012382,-0.326157,-0.022109,0.001980,-0.005959
-0.347601,-0.012739,-0.326000,-0.022125,0.001672,-0.005949
-0.347424,-0.013270,-0.326252,-0.022129,0.001660,-0.005950
-0.347261,-0.013774,-0.326718,-0.022121,0.001948,-0.005942
-0.347070,-0.014054,-0.326990,-0.022113,0.002374,-0.005945
-0.346850,-0.013926,-0.326999,-0.022120,0.002822,-0.006032
-0.346693,-0.013427,-0.326989,-0.022123,0.003403,-0.006283
-0.346692,-0.012851,-0.327139,-0.022043,0.004335,-0.006713
-0.346841,-0.012546,-0.327436,-0.021820,0.005671,-0.007247
-0.346953,-0.012712,-0.327666,-0.021481,0.007145,-0.007763
-0.346883,-0.013235,-0.327619,-0.021112,0.008315,-0.008155
-0.346787,-0.013698,-0.327404,-0.020817,0.008869,-0.008356
-0.346864,-0.013844,-0.327317,-0.020683,0.008754,-0.008339
-0.346988,-0.013834,-0.327469,-0.020724,0.008096,-0.008124
-0.347020,-0.013909,-0.327755,-0.020898,0.007034,-0.007774
-0.347072,-0.014135,-0.328140,-0.021132,0.005685,-0.007359
-0.347158,-0.014426,-0.328687,-0.021355,0.004222,-0.006943
-0.347116,-0.014619,-0.329316,-0.021551,0.002924,-0.006573
-0.346861,-0.014582,-0.329793,-0.021742,0.002113,-0.006291
-0.346415,-0.014342,-0.329918,-0.021962,0.001994,-0.006187
-0.345930,-0.014068,-0.329715,-0.022253,0.002556,-0.006402
-0.345649,-0.013872,-0.329409,-0.022620,0.003563,-0.006992
-0.345663,-0.013719,-0.329303,-0.022988,0.004592,-0.007781
-0.345844,-0.013578,-0.329597,-0.023265,0.005187,-0.008424
-0.346087,-0.013485,-0.330177,-0.023391,0.005061,-0.008621
-0.346411,-0.013464,-0.330744,-0.023351,0.004153,-0.008291
-0.346828,-0.013523,-0.331110,-0.023188,0.002614,-0.007553
-0.347222,-0.013574,-0.331178,-0.022983,0.000792,-0.006636
-0.347331,-0.013413,-0.330964,-0.022811,-0.000826,-0.005821
-0.347053,-0.013038,-0.330523,-0.022708,-0.001707,-0.005360
-0.346614,-0.012691,-0.329783,-0.022715,-0.001427,-0.005439
-0.346268,-0.012517,-0.328846,-0.022981,0.000160,-0.006241
-0.346132,-0.012465,-0.328040,-0.023664,0.002797,-0.007821
-0.346147,-0.012437,-0.327623,-0.024591,0.005794,-0.009805
-0.346145,-0.012384,-0.327704,-0.025255,0.008232,-0.011424
-0.346097,-0.012398,-0.328173,-0.025281,0.009374,-0.012032
-0.346055,-0.012566,-0.328762,-0.024718,0.008947,-0.011495
-0.346028,-0.012726,-0.329192,-0.023926,0.007138,-0.010121
-0.346122,-0.012768,-0.329254,-0.023310,0.004521,-0.008448
-,-,-,-,-,-
-0.006241,-0.000247,-0.005906,-0.000463,0.000041,-0.000177
-0.035984,-0.001441,-0.034069,-0.002684,0.000255,-0.001048
-0.099790,-0.004026,-0.094558,-0.007464,0.000743,-0.002953
-0.185008,-0.007494,-0.175467,-0.013808,0.001391,-0.005461
-0.267794,-0.010854,-0.254245,-0.019803,0.001892,-0.007683
-0.330357,-0.013343,-0.314038,-0.024092,0.002013,-0.009027
-0.366171,-0.014657,-0.348551,-0.026386,0.001794,-0.009512
-0.378241,-0.014907,-0.360499,-0.027129,0.001429,-0.009501
-0.374545,-0.014367,-0.357511,-0.026894,0.000998,-0.009227
-0.363628,-0.013427,-0.347799,-0.026086,0.000373,-0.008665
-0.352057,-0.012592,-0.337483,-0.025037,-0.000626,-0.007787
-0.343649,-0.012049,-0.329780,-0.024127,-0.002040,-0.006766
-0.339619,-0.011658,-0.325505,-0.023735,-0.003744,-0.005945
-0.339388,-0.011495,-0.324253,-0.024103,-0.005572,-0.005605
-0.341537,-0.011837,-0.324971,-0.025208,-0.007378,-0.005784
-0.344458,-0.012673,-0.326445,-0.026746,-0.008923,-0.006336
-0.346909,-0.013549,-0.327986,-0.028217,-0.009851,-0.007036
-0.348352,-0.014010,-0.329216,-0.029108,-0.009809,-0.007652
-0.348816,-0.014019,-0.329725,-0.029154,-0.008552,-0.008107
-0.348565,-0.013823,-0.329441,-0.028425,-0.006017,-0.008509
-0.347893,-0.013643,-0.328831,-0.027167,-0.002481,-0.008945
-0.347110,-0.013517,-0.328427,-0.025640,0.001377,-0.009354
-0.346483,-0.013404,-0.328380,-0.024061,0.004730,-0.009603
-0.346115,-0.013430,-0.328627,-0.022631,0.006988,-0.009576
-0.345973,-0.013744,-0.329167,-0.021556,0.007899,-0.009237
-0.345978,-0.014256,-0.329873,-0.020995,0.007420,-0.008610
-0.346002,-0.014678,-0.330433,-0.020983,0.005648,-0.007732
-0.345966,-0.014816,-0.330706,-0.021419,0.002839,-0.006658
-0.345959,-0.014755,-0.330832,-0.022119,-0.000576,-0.005503
-0.346085,-0.014710,-0.330946,-0.022859,-0.004020,-0.004436
-0.346305,-0.014788,-0.331039,-0.023459,-0.006869,-0.003641
-0.346523,-0.014901,-0.331052,-0.023846,-0.008663,-0.003230
-0.346772,-0.014855,-0.330768,-0.024025,-0.009305,-0.003175
-0.347244,-0.014525,-0.329909,-0.024017,-0.009060,-0.003358
-0.347980,-0.013869,-0.328744,-0.023867,-0.008344,-0.003658
-0.348695,-0.012929,-0.327977,-0.023659,-0.007488,-0.003967
-0.349046,-0.012021,-0.327901,-0.023423,-0.006733,-0.004200
-0.348927,-0.011543,-0.328338,-0.023107,-0.006281,-0.004326
-0.348517,-0.011536,-0.329100,-0.022830,-0.005920,-0.004328
-0.348039,-0.011898,-0.330001,-0.022891,-0.005110,-0.004202
-0.347571,-0.012611,-0.330665,-0.023295,-0.003836,-0.004037
-0.347172,-0.013412,-0.330759,-0.023662,-0.002549,-0.004008
-0.346940,-0.013803,-0.330233,-0.023669,-0.001343,-0.004242
-0.346848,-0.013692,-0.329316,-0.023287,0.000019,-0.004743
-0.346709,-0.013452,-0.328493,-0.022668,0.001606,-0.005408
-0.346412,-0.013277,-0.328277,-0.021998,0.003198,-0.006103
-0.346145,-0.013050,-0.328710,-0.021461,0.004496,-0.006734
-0.346203,-0.012697,-0.329382,-0.021218,0.005378,-0.007283
-0.346677,-0.012303,-0.329964,-0.021367,0.005940,-0.007795
-0.347360,-0.012022,-0.330309,-0.021850,0.006310,-0.008308
-0.347882,-0.011935,-0.330230,-0.022412,0.006481,-0.008743
-0.348050,-0.012075,-0.329690,-0.022785,0.006333,-0.008946
-0.347985,-0.012407,-0.329036,-0.022871,0.005753,-0.008813
-0.347842,-0.012688,-0.328614,-0.022738,0.004727,-0.008337
-0.347634,-0.012740,-0.328480,-0.022550,0.003369,-0.007619
-0.347395,-0.012694,-0.328613,-0.022475,0.001898,-0.006878
-0.347202,-0.012753,-0.328965,-0.022578,0.000625,-0.006354
-0.347014,-0.012941,-0.329294,-0.022792,-0.000068,-0.006194
-0.346734,-0.013126,-0.329414,-0.023032,0.000174,-0.006435
-0.346271,-0.013204,-0.329438,-0.023311,0.001474,-0.007055
-0.345620,-0.013266,-0.329568,-0.023734,0.003612,-0.008015
-0.344966,-0.013541,-0.329972,-0.024327,0.006092,-0.009219
-0.344561,-0.014100,-0.330689,-0.024942,0.008271,-0.010407
-0.344590,-0.014716,-0.331569,-0.025325,0.009497,-0.011225
-0.345056,-0.015164,-0.332327,-0.025258,0.009398,-0.011399
-0.345638,-0.015403,-0.332576,-0.024724,0.008103,-0.010860
-0.345932,-0.015440,-0.332157,-0.023927,0.006097,-0.009784
-0.345813,-0.015313,-0.331353,-0.023120,0.003904,-0.008497
-0.345340,-0.015105,-0.330533,-0.022470,0.001922,-0.007296
-0.344663,-0.014750,-0.329876,-0.022059,0.000349,-0.006359
-0.344139,-0.014140,-0.329439,-0.021896,-0.000791,-0.005747
-0.344140,-0.013372,-0.329224,-0.021927,-0.001556,-0.005431
-0.344685,-0.012712,-0.329197,-0.022067,-0.002004,-0.005343
-0.345464,-0.012450,-0.329319,-0.022208,-0.002118,-0.005433
-0.346174,-0.012692,-0.329497,-0.022248,-0.001827,-0.005653
-0.346673,-0.013241,-0.329594,-0.022136,-0.001163,-0.005941
-0.346886,-0.013750,-0.329508,-0.021908,-0.000409,-0.006203
-0.346788,-0.014034,-0.329298,-0.021673,-0.000035,-0.006326
-0.346481,-0.014192,-0.329068,-0.021579,-0.000377,-0.006240
-0.346132,-0.014315,-0.328773,-0.021734,-0.001331,-0.005985
-0.345898,-0.014356,-0.328425,-0.022096,-0.002386,-0.005678
-0.345990,-0.014326,-0.328182,-0.022465,-0.002973,-0.005460
-0.346439,-0.014312,-0.328181,-0.022631,-0.002766,-0.005477
-0.346797,-0.014303,-0.328522,-0.022491,-0.001763,-0.005794
-0.346612,-0.014157,-0.329116,-0.022104,-0.000214,-0.006346
-0.345980,-0.013825,-0.329594,-0.021646,0.001540,-0.006980
-0.345317,-0.013463,-0.329666,-0.021281,0.003213,-0.007562
-0.344952,-0.013236,-0.329400,-0.021120,0.004672,-0.008082
-0.344938,-0.013205,-0.329062,-0.021270,0.006029,-0.008677
-0.345150,-0.013408,-0.328892,-0.021756,0.007405,-0.009483
-0.345387,-0.013845,-0.328995,-0.022391,0.008585,-0.010365
-0.345441,-0.014365,-0.329289,-0.022883,0.009112,-0.010922
-0.345238,-0.014665,-0.329626,-0.023068,0.008667,-0.010867
-0.344845,-0.014649,-0.330138,-0.022998,0.007276,-0.010228
-0.344393,-0.014590,-0.331108,-0.022847,0.005256,-0.009215
-0.344018,-0.014641,-0.332302,-0.022746,0.003039,-0.008093
-0.343759,-0.014615,-0.333080,-0.022716,0.001109,-0.007129
-0.343639,-0.014288,-0.333115,-0.022733,0.000024,-0.006559
-0.343731,-0.013718,-0.332600,-0.022783,0.000217,-0.006561
-0.344005,-0.013258,-0.332023,-0.022848,0.001645,-0.007148
-0.344303,-0.013179,-0.331738,-0.022872,0.003711,-0.008038
-0.344569,-0.013431,-0.331811,-0.022802,0.005571,-0.008780
-0.344827,-0.013835,-0.332262,-0.022644,0.006558,-0.009050
-0.344998,-0.014266,-0.333027,-0.022456,0.006360,-0.008755
-0.345111,-0.014597,-0.333746,-0.022329,0.004976,-0.007976
-0.345315,-0.014675,-0.333962,-0.022336,0.002650,-0.006918
-0.345540,-0.014578,-0.333515,-0.022494,-0.000177,-0.005832
-0.345626,-0.014617,-0.332572,-0.022774,-0.002923,-0.004934
-0.345582,-0.014868,-0.331365,-0.023114,-0.005002,-0.004364
-0.345525,-0.015094,-0.330095,-0.023424,-0.006122,-0.004125
-0.345564,-0.015129,-0.329040,-0.023645,-0.006468,-0.004087
-0.345702,-0.014968,-0.328507,-0.023778,-0.006460,-0.004108
-0.345865,-0.014668,-0.328570,-0.023832,-0.006367,-0.004122
-0.345906,-0.014323,-0.329014,-0.023808,-0.006186,-0.004123
-0.345643,-0.014006,-0.329651,-0.023706,-0.005768,-0.004140
-0.345142,-0.013774,-0.330488,-0.023513,-0.004992,-0.004233
-0.344719,-0.013669,-0.331429,-0.023231,-0.003840,-0.004464
-0.344581,-0.013593,-0.332080,-0.022886,-0.002301,-0.004882
-0.344629,-0.013438,-0.332015,-0.022546,-0.000252,-0.005549
-0.344547,-0.013249,-0.331193,-0.022313,0.002358,-0.006510
-0.344147,-0.013201,-0.330133,-0.022183,0.005191,-0.007612
-0.343576,-0.013474,-0.329463,-0.022028,0.007608,-0.008515
-0.343072,-0.014067,-0.329309,-0.021777,0.009144,-0.008986
-0.342795,-0.014811,-0.329501,-0.021567,0.009833,-0.009085
-0.342817,-0.015497,-0.329975,-0.021649,0.010078,-0.009083
-0.343057,-0.015940,-0.330673,-0.022132,0.010294,-0.009245
-0.343382,-0.015983,-0.331486,-0.022843,0.010631,-0.009734
-0.343766,-0.015620,-0.332257,-0.023449,0.010984,-0.010546
-,-,-,-,-,-
-0.006235,-0.000276,-0.006058,-0.000415,0.000160,-0.000199
