-0-,-,-,-,-,-
-0.008862,-0.001986,0.003595,-0.002777,-0.000273,-0.004732
-0.050067,-0.012912,0.018734,-0.019210,0.007458,-0.029459
-0.137250,-0.037470,0.046358,-0.064687,0.050238,-0.090946
-0.252522,-0.067068,0.078404,-0.145118,0.148244,-0.189057
-0.359748,-0.085216,0.106115,-0.252767,0.281377,-0.294955
-0.428114,-0.080159,0.118795,-0.379288,0.407146,-0.358841
-0.443862,-0.059126,0.116069,-0.509291,0.492836,-0.340522
-0.412312,-0.049635,0.115959,-0.592218,0.516822,-0.226518
-0.359668,-0.069436,0.125946,-0.569055,0.471945,-0.024938
-0.321425,-0.112584,0.132958,-0.439793,0.381321,0.228177
-0.317525,-0.166064,0.127741,-0.268256,0.286304,0.471057
-0.343164,-0.218143,0.112013,-0.125717,0.216611,0.650411
-0.379581,-0.259091,0.090050,-0.047494,0.182869,0.748886
-0.409176,-0.283362,0.066024,-0.030902,0.183710,0.779950
-0.425139,-0.292647,0.043331,-0.053061,0.208410,0.769237
-0.433222,-0.293528,0.024613,-0.084773,0.239546,0.741558
-0.445011,-0.286705,0.014082,-0.100700,0.262043,0.713268
-0.467257,-0.264186,0.016514,-0.089064,0.269691,0.692661
-0.498426,-0.221144,0.033294,-0.052177,0.262123,0.691044
-0.534789,-0.167436,0.059076,0.002897,0.241764,0.722877
-0.575596,-0.122655,0.081828,0.069237,0.211797,0.788626
-0.619014,-0.098998,0.091337,0.135697,0.175169,0.868326
-0.657616,-0.094758,0.086014,0.183859,0.141829,0.933635
-0.683787,-0.102587,0.069889,0.193116,0.131926,0.959114
-0.694412,-0.115581,0.047839,0.152620,0.164824,0.926466
-0.687375,-0.126284,0.024225,0.068370,0.242226,0.831709
-0.660862,-0.125271,0.005095,-0.044258,0.342630,0.691660
-0.618810,-0.103396,0.000308,-0.168514,0.441136,0.537966
-0.568388,-0.060783,0.022356,-0.278713,0.528734,0.401847
-0.508530,-0.011238,0.076245,-0.333930,0.609973,0.303858
-0.436149,0.032532,0.143007,-0.305200,0.695368,0.256484
-0.367217,0.066953,0.187149,-0.209880,0.779153,0.264384
-0.329328,0.087441,0.185724,-0.098436,0.824738,0.315275
-0.333416,0.088632,0.138839,-0.011272,0.805193,0.380370
-0.368792,0.070789,0.065315,0.038087,0.735776,0.433217
-0.418024,0.039330,-0.010107,0.049964,0.650016,0.461878
-0.467434,0.000286,-0.066587,0.024242,0.580411,0.457537
-0.508964,-0.041988,-0.086537,-0.038317,0.543325,0.406431
-0.538666,-0.076416,-0.083269,-0.114046,0.514163,0.302781
-0.553339,-0.085527,-0.098655,-0.162543,0.457772,0.162521
-0.553045,-0.060775,-0.134388,-0.170066,0.376809,0.015545
-0.543618,-0.010179,-0.149414,-0.154745,0.297193,-0.110245
-0.528762,0.046392,-0.129814,-0.134653,0.233445,-0.193588
-0.509545,0.089839,-0.098970,-0.116090,0.185731,-0.223047
-0.491124,0.111362,-0.078302,-0.100953,0.153471,-0.201558
-0.483183,0.112190,-0.074259,-0.089413,0.137267,-0.146245
-0.493099,0.101278,-0.086812,-0.080339,0.133275,-0.084336
-0.517095,0.089493,-0.114708,-0.072706,0.134864,-0.041744
-0.541168,0.084061,-0.153967,-0.060919,0.137640,-0.035500
-0.554006,0.090240,-0.191385,-0.034514,0.140407,-0.070013
-0.557594,0.110703,-0.206662,0.004062,0.138659,-0.119889
-0.561136,0.141634,-0.190776,0.033770,0.121581,-0.139440
-0.570665,0.171763,-0.156033,0.037986,0.082490,-0.109515
-0.586774,0.188275,-0.122656,0.018743,0.028521,-0.050995
-0.604742,0.187124,-0.101761,-0.011182,-0.025149,0.002433
-0.616050,0.173764,-0.091480,-0.039836,-0.067895,0.027439
-0.612096,0.156086,-0.083117,-0.063438,-0.099245,0.022148
-0.589348,0.138944,-0.071621,-0.086876,-0.125926,0.005947
-0.550921,0.122704,-0.058698,-0.124297,-0.155945,-0.000073
-0.502187,0.104049,-0.053613,-0.194651,-0.193328,0.006177
-0.449568,0.077823,-0.071085,-0.290634,-0.231586,0.016262
-0.402772,0.045270,-0.106625,-0.368622,-0.256784,0.029273
-0.370210,0.015685,-0.134757,-0.393364,-0.262768,0.046749
-0.351869,-0.003555,-0.141227,-0.366288,-0.256305,0.062746
-0.340514,-0.010869,-0.130526,-0.310302,-0.248176,0.069417
-0.328613,-0.008446,-0.114926,-0.250494,-0.243720,0.064417
-0.313628,-0.000899,-0.106323,-0.201904,-0.239110,0.048890
-0.296526,0.004740,-0.108905,-0.164390,-0.225557,0.022636
-0.276498,0.001237,-0.119964,-0.129688,-0.196211,-0.015484
-0.253735,-0.013020,-0.135467,-0.091944,-0.148138,-0.065370
-0.233669,-0.032641,-0.151589,-0.051143,-0.083888,-0.126672
-0.220623,-0.048516,-0.165842,-0.011773,-0.012294,-0.197313
-0.215123,-0.055918,-0.177862,0.021812,0.056677,-0.269516
-0.219365,-0.060332,-0.187483,0.050164,0.116907,-0.331282
-0.235927,-0.053427,-0.206765,0.055719,0.177178,-0.384385
-0.266240,-0.024195,-0.271096,-0.017963,0.268821,-0.458320
-0.306531,0.006249,-0.370643,-0.207709,0.404982,-0.550728
-0.341095,0.038645,-0.407049,-0.444047,0.519319,-0.579525
-0.355040,0.091626,-0.329735,-0.585246,0.528017,-0.470941
-0.354733,0.136261,-0.205767,-0.563625,0.453515,-0.242597
-0.362722,0.137357,-0.106192,-0.428648,0.363670,0.015951
-0.380138,0.096315,-0.052854,-0.271787,0.273944,0.205888
-0.394242,0.033593,-0.040431,-0.173864,0.186515,0.284103
-0.421107,-0.030253,-0.049269,-0.159782,0.101675,0.271492
-0.467416,-0.079926,-0.068232,-0.192081,0.020755,0.208271
-0.504052,-0.107495,-0.097348,-0.223185,-0.026247,0.125062
-0.515689,-0.116098,-0.127651,-0.227161,-0.020409,0.043854
-0.509686,-0.113260,-0.146776,-0.204052,0.018225,-0.019683
-0.492869,-0.103930,-0.154620,-0.173238,0.058682,-0.057295
-0.471404,-0.091624,-0.157715,-0.153720,0.079380,-0.068375
-0.452272,-0.079554,-0.160273,-0.151235,0.074837,-0.060121
-0.439264,-0.069505,-0.164172,-0.160178,0.055144,-0.043477
-0.431864,-0.061650,-0.170346,-0.168815,0.034584,-0.026639
-0.427498,-0.055326,-0.177887,-0.165865,0.021503,-0.011724
-0.425204,-0.050926,-0.184557,-0.147096,0.016742,0.002516
-0.426391,-0.051336,-0.189477,-0.115606,0.016771,0.016907
-0.432003,-0.058809,-0.192373,-0.077099,0.018478,0.031407
-0.441708,-0.072718,-0.191733,-0.037606,0.022421,0.045489
-0.453394,-0.089165,-0.187401,-0.003907,0.029370,0.058707
-0.461671,-0.099847,-0.181855,0.018548,0.035877,0.070853
-0.464089,-0.100190,-0.176912,0.028409,0.037005,0.080307
-0.464403,-0.095363,-0.172786,0.028446,0.032867,0.085090
-0.463465,-0.090195,-0.170819,0.024033,0.029971,0.086953
-0.457658,-0.082624,-0.172538,0.020649,0.033970,0.090580
-0.448744,-0.073652,-0.175531,0.020620,0.043784,0.098267
-0.447002,-0.075645,-0.174928,0.021121,0.054579,0.109214
-0.458313,-0.094874,-0.169381,0.016173,0.061219,0.123363
-0.472499,-0.113329,-0.162138,0.001362,0.059171,0.139799
-0.476145,-0.110265,-0.156729,-0.023167,0.049634,0.150806
-0.468611,-0.088214,-0.155209,-0.052489,0.040897,0.145660
-0.456327,-0.062454,-0.158857,-0.078254,0.039929,0.123068
-0.443662,-0.042416,-0.167098,-0.092387,0.046433,0.093614
-0.433327,-0.030286,-0.176915,-0.092124,0.054626,0.069207
-0.427341,-0.025548,-0.184481,-0.082036,0.058744,0.055175
-0.426115,-0.026177,-0.187522,-0.070818,0.057950,0.050662
-0.428431,-0.028966,-0.186617,-0.065333,0.056249,0.051522
-0.432274,-0.031281,-0.184268,-0.067625,0.057474,0.053199
-0.435804,-0.032202,-0.182945,-0.076561,0.061259,0.053031
-0.437954,-0.031890,-0.184019,-0.088963,0.064567,0.050569
-0.438671,-0.030551,-0.187809,-0.099082,0.064722,0.046215
-0.438621,-0.028242,-0.193345,-0.101412,0.059339,0.039904
-0.438249,-0.025525,-0.198564,-0.094789,0.046487,0.031568
-0.437498,-0.023512,-0.201681,-0.081854,0.027365,0.022742
-0.436321,-0.022822,-0.201951,-0.066799,0.006865,0.016205
-0.434833,-0.023005,-0.199755,-0.054052,-0.009519,0.013614
-0.433238,-0.023174,-0.196387,-0.046205,-0.018769,0.014523
-0.431720,-0.022717,-0.193178,-0.043079,-0.021328,0.017930
-0.430454,-0.021425,-0.190730,-0.042645,-0.020058,0.023770
-,-,-,-,-,-
-0.007967,-0.000365,-0.003444,-0.000841,-0.000095,0.000321
-0.045731,-0.002190,-0.019773,-0.005234,-0.000455,0.001722
-0.126198,-0.006309,-0.054650,-0.015854,-0.000778,0.004568
-0.232891,-0.011960,-0.101175,-0.032288,-0.000188,0.008614
-0.335931,-0.017240,-0.146628,-0.051538,0.001389,0.013647
-0.413600,-0.020538,-0.181494,-0.070606,0.002572,0.019409
-0.458268,-0.021300,-0.202091,-0.086905,0.002527,0.025171
-0.473820,-0.019951,-0.210066,-0.096719,0.002523,0.029739
-0.470069,-0.017434,-0.209811,-0.096215,0.004081,0.031937
-0.457596,-0.014782,-0.205309,-0.085336,0.007162,0.031372
-0.444347,-0.012731,-0.199302,-0.068847,0.011180,0.028706
-0.434554,-0.011559,-0.194153,-0.052722,0.015307,0.024957
-0.429434,-0.011260,-0.191680,-0.039782,0.017609,0.020940
-0.428383,-0.011636,-0.192272,-0.028968,0.016244,0.017351
-0.429910,-0.012314,-0.194661,-0.018297,0.011291,0.014611
-0.432315,-0.012867,-0.196621,-0.007681,0.004639,0.012817
-0.434350,-0.012978,-0.196444,0.000920,-0.001592,0.012109
-0.435500,-0.012759,-0.194086,0.004882,-0.006322,0.012847
-0.435669,-0.012780,-0.190739,0.001891,-0.009375,0.015585
-0.434977,-0.013342,-0.187767,-0.008553,-0.011063,0.021030
-0.433821,-0.014025,-0.186215,-0.024632,-0.012265,0.029500
-0.435064,-0.012134,-0.187354,-0.043096,-0.013843,0.038927
-0.443232,-0.003564,-0.192127,-0.058381,-0.015585,0.043982
-0.455978,0.009591,-0.198402,-0.064444,-0.015939,0.040410
-0.464465,0.019242,-0.202204,-0.060069,-0.012901,0.029240
-0.464302,0.021169,-0.201841,-0.050070,-0.006083,0.014643
-0.457783,0.017029,-0.197978,-0.042235,0.002107,0.000019
-0.448890,0.009937,-0.193066,-0.042017,0.008804,-0.012691
-0.440441,0.002240,-0.190720,-0.047955,0.013389,-0.021777
-0.434107,-0.004360,-0.192069,-0.053895,0.016182,-0.025761
-0.430770,-0.008668,-0.194893,-0.054924,0.016823,-0.024588
-0.430129,-0.010522,-0.196955,-0.050227,0.015392,-0.019906
-0.431079,-0.010606,-0.197535,-0.042389,0.012936,-0.014186
-0.432542,-0.009790,-0.196895,-0.034693,0.010391,-0.009436
-0.433808,-0.008722,-0.195755,-0.028854,0.008023,-0.006442
-0.434662,-0.007688,-0.194944,-0.025010,0.005467,-0.004984
-0.435171,-0.006808,-0.195141,-0.022733,0.001546,-0.004490
-0.435283,-0.006245,-0.196165,-0.021545,-0.004968,-0.004478
-0.434905,-0.006049,-0.196861,-0.021065,-0.013329,-0.004693
-0.434210,-0.005982,-0.196402,-0.021065,-0.020386,-0.005003
-0.433543,-0.005730,-0.195056,-0.021354,-0.023032,-0.005274
-0.433156,-0.005234,-0.193667,-0.021704,-0.020719,-0.005407
-0.433117,-0.004675,-0.192851,-0.021919,-0.015451,-0.005370
-0.433339,-0.004281,-0.192605,-0.021903,-0.009698,-0.005173
-0.433653,-0.004175,-0.192502,-0.021685,-0.004550,-0.004879
-0.433952,-0.004341,-0.192177,-0.021430,0.000240,-0.004616
-0.434267,-0.004851,-0.191708,-0.021327,0.005019,-0.004522
-0.434570,-0.005777,-0.191462,-0.021450,0.009700,-0.004665
-0.434733,-0.006834,-0.191548,-0.021749,0.014184,-0.004982
-0.434708,-0.007551,-0.191757,-0.022100,0.018394,-0.005332
-0.434501,-0.007707,-0.192124,-0.022397,0.021692,-0.005615
-0.434185,-0.007399,-0.192967,-0.022607,0.022867,-0.005819
-0.433966,-0.006854,-0.194304,-0.022760,0.021046,-0.005969
-0.433930,-0.006402,-0.195663,-0.022884,0.016522,-0.006065
-0.433940,-0.006344,-0.196409,-0.023032,0.010624,-0.006120
-0.433916,-0.006633,-0.196258,-0.023361,0.005008,-0.006216
-0.433900,-0.006974,-0.195666,-0.023966,0.001015,-0.006416
-0.433907,-0.007152,-0.195318,-0.024607,-0.000959,-0.006631
-0.433908,-0.007093,-0.195346,-0.024907,-0.001498,-0.006711
-0.433895,-0.006844,-0.195395,-0.024728,-0.001428,-0.006599
-0.433923,-0.006476,-0.195065,-0.024189,-0.001408,-0.006343
-0.433999,-0.006011,-0.194297,-0.023520,-0.001894,-0.006024
-0.434061,-0.005575,-0.193388,-0.022944,-0.002821,-0.005704
-0.434077,-0.005363,-0.192584,-0.022587,-0.003557,-0.005437
-0.433952,-0.005449,-0.192061,-0.022436,-0.003582,-0.005274
-0.433609,-0.005755,-0.191977,-0.022386,-0.002974,-0.005225
-0.433230,-0.006105,-0.192317,-0.022356,-0.002083,-0.005260
-0.433093,-0.006341,-0.193080,-0.022330,-0.001386,-0.005332
-0.433232,-0.006421,-0.194275,-0.022320,-0.001693,-0.005376
-0.433478,-0.006399,-0.195637,-0.022336,-0.003775,-0.005365
-0.433749,-0.006475,-0.196748,-0.022382,-0.007700,-0.005333
-0.434022,-0.006780,-0.197238,-0.022469,-0.012726,-0.005299
-0.434298,-0.007053,-0.196680,-0.023263,-0.017629,-0.005620
-0.434586,-0.007023,-0.195086,-0.026176,-0.021182,-0.007114
-0.434666,-0.006848,-0.193349,-0.031122,-0.022639,-0.009779
-0.434452,-0.006715,-0.192141,-0.035712,-0.021983,-0.012307
-0.434274,-0.006545,-0.191351,-0.037808,-0.019653,-0.013490
-0.434398,-0.006310,-0.190943,-0.036921,-0.016200,-0.013018
-0.434848,-0.006063,-0.191044,-0.033734,-0.012487,-0.011275
-0.435507,-0.005834,-0.191531,-0.029567,-0.009711,-0.009037
-0.436117,-0.005694,-0.191927,-0.025688,-0.008541,-0.007034
-0.436389,-0.005764,-0.191764,-0.022851,-0.008319,-0.005650
-0.436265,-0.006037,-0.191189,-0.021289,-0.007587,-0.004936
-0.435990,-0.006293,-0.190717,-0.020817,-0.005427,-0.004756
-0.435842,-0.006380,-0.190640,-0.021020,-0.002035,-0.004927
-0.435806,-0.006308,-0.190987,-0.021505,0.001754,-0.005267
-0.435698,-0.006067,-0.191569,-0.022020,0.005179,-0.005611
-0.435535,-0.005742,-0.192152,-0.022430,0.007859,-0.005848
-0.435430,-0.005501,-0.192737,-0.022670,0.009678,-0.005931
-0.435373,-0.005390,-0.193408,-0.022739,0.010552,-0.005872
-0.435354,-0.005413,-0.193999,-0.022695,0.010365,-0.005724
-0.435365,-0.005603,-0.194234,-0.022598,0.009147,-0.005568
-0.435400,-0.006001,-0.194038,-0.022494,0.007193,-0.005469
-0.435469,-0.006621,-0.193550,-0.022427,0.005275,-0.005447
-0.435448,-0.007289,-0.193184,-0.022431,0.004545,-0.005475
-0.435112,-0.007713,-0.193325,-0.022503,0.005385,-0.005522
-0.434388,-0.007749,-0.193820,-0.022589,0.006799,-0.005571
-0.433544,-0.007421,-0.194319,-0.022617,0.007468,-0.005613
-0.433006,-0.006821,-0.194688,-0.022585,0.006816,-0.005641
-0.432943,-0.006216,-0.194722,-0.022541,0.005004,-0.005654
-0.433240,-0.005831,-0.194097,-0.022518,0.002693,-0.005641
-0.433746,-0.005565,-0.192998,-0.022526,0.000888,-0.005591
-0.434313,-0.005326,-0.192256,-0.022594,0.000183,-0.005495
-0.434773,-0.005281,-0.192392,-0.022716,0.000243,-0.005377
-0.435012,-0.005512,-0.193085,-0.022824,0.000440,-0.005274
-0.435029,-0.005827,-0.193716,-0.022862,0.000466,-0.005222
-0.434978,-0.006083,-0.193833,-0.022826,0.000312,-0.005228
-0.435029,-0.006279,-0.193314,-0.022724,0.000110,-0.005260
-0.435207,-0.006295,-0.192439,-0.022562,-0.000127,-0.005279
-0.435508,-0.006080,-0.191620,-0.022346,-0.000716,-0.005258
-0.435877,-0.005906,-0.191102,-0.022117,-0.002027,-0.005187
-0.436145,-0.005933,-0.190861,-0.021958,-0.003719,-0.005083
-0.436236,-0.005978,-0.190694,-0.021941,-0.004529,-0.004994
-0.436075,-0.005823,-0.190624,-0.022065,-0.003689,-0.004938
-0.435572,-0.005500,-0.190902,-0.022255,-0.002112,-0.004925
-0.434908,-0.005234,-0.191524,-0.022439,-0.001324,-0.004983
-0.434345,-0.005202,-0.192273,-0.022589,-0.001934,-0.005098
-0.433909,-0.005429,-0.192960,-0.022699,-0.003646,-0.005222
-0.433641,-0.005842,-0.193446,-0.022745,-0.005762,-0.005331
-0.433712,-0.006261,-0.193804,-0.022727,-0.007470,-0.005421
-0.434142,-0.006457,-0.194249,-0.022681,-0.008198,-0.005498
-0.434764,-0.006327,-0.194619,-0.022640,-0.007707,-0.005569
-0.435367,-0.005952,-0.194421,-0.022619,-0.006101,-0.005630
-0.435776,-0.005574,-0.193547,-0.022617,-0.003965,-0.005679
-0.435895,-0.005517,-0.192473,-0.022629,-0.002169,-0.005727
-0.435779,-0.005951,-0.191716,-0.022637,-0.001416,-0.005778
-0.435675,-0.006740,-0.191339,-0.022613,-0.001709,-0.005810
-0.435746,-0.007610,-0.191087,-0.022547,-0.002009,-0.005824
-,-,-,-,-,-
-0.007879,-0.000148,-0.003464,-0.000404,0.000231,-0.000107
-0.045370,-0.000826,-0.019939,-0.002336,0.001329,-0.000604
-0.125618,-0.002213,-0.055254,-0.006504,0.003681,-0.001636
-0.232508,-0.003943,-0.102489,-0.012114,0.006866,-0.002967
-0.336131,-0.005402,-0.148515,-0.017613,0.010110,-0.004217
-0.414379,-0.006212,-0.183401,-0.021797,0.012741,-0.005139
-0.459152,-0.006424,-0.203516,-0.024204,0.014257,-0.005663
-0.474146,-0.006268,-0.210572,-0.025023,0.014462,-0.005849
-0.469374,-0.005912,-0.208880,-0.024775,0.013393,-0.005822
-0.455784,-0.005497,-0.203093,-0.024008,0.011083,-0.005706
-0.441696,-0.005124,-0.196927,-0.023148,0.007793,-0.005579
-0.431607,-0.004880,-0.192423,-0.022462,0.004316,-0.005483
-0.426832,-0.004883,-0.190003,-0.022062,0.001607,-0.005446
-0.426572,-0.005183,-0.189364,-0.021936,0.000263,-0.005465
-0.428961,-0.005625,-0.190134,-0.021989,0.000174,-0.005492
-0.432065,-0.005982,-0.191730,-0.022110,0.000570,-0.005503
-0.434528,-0.006239,-0.193381,-0.022227,0.000749,-0.005507
-0.435833,-0.006567,-0.194587,-0.022308,0.000707,-0.005494
-0.436126,-0.007004,-0.195217,-0.022349,0.000905,-0.005463
-0.435755,-0.007332,-0.195433,-0.022360,0.001429,-0.005458
-0.435022,-0.007378,-0.195541,-0.022354,0.001628,-0.005508
-0.434267,-0.007191,-0.195596,-0.022352,0.000842,-0.005597
-0.433767,-0.006877,-0.195497,-0.022361,-0.000834,-0.005696
-0.433513,-0.006525,-0.195246,-0.022358,-0.002751,-0.005774
-0.433336,-0.006232,-0.194871,-0.022321,-0.004282,-0.005791
-0.433214,-0.006053,-0.194404,-0.022242,-0.005061,-0.005750
-0.433238,-0.005859,-0.193794,-0.022132,-0.004736,-0.005673
-0.433372,-0.005476,-0.193065,-0.022052,-0.002929,-0.005578
-0.433490,-0.005016,-0.192605,-0.022062,-0.000041,-0.005507
-0.433583,-0.004732,-0.192655,-0.022158,0.002565,-0.005497
-0.433793,-0.004694,-0.193005,-0.022301,0.003759,-0.005522
-0.434220,-0.004853,-0.193444,-0.022447,0.003407,-0.005532
-0.434735,-0.005162,-0.194013,-0.022576,0.002122,-0.005537
-0.435108,-0.005487,-0.194752,-0.022673,0.000906,-0.005571
-0.435166,-0.005586,-0.195235,-0.022725,0.000929,-0.005643
-0.434881,-0.005406,-0.194960,-0.022715,0.002294,-0.005717
-0.434443,-0.005248,-0.194116,-0.022629,0.003352,-0.005732
-0.434161,-0.005380,-0.193335,-0.022506,0.002929,-0.005658
-0.434178,-0.005704,-0.193109,-0.022423,0.001434,-0.005528
-0.434296,-0.006012,-0.193511,-0.022403,-0.000532,-0.005398
-0.434227,-0.006271,-0.194292,-0.022416,-0.002449,-0.005333
-0.434005,-0.006488,-0.195125,-0.022445,-0.003735,-0.005367
-0.433910,-0.006583,-0.195591,-0.022480,-0.004086,-0.005456
-0.433958,-0.006549,-0.195467,-0.022504,-0.003398,-0.005538
-0.433932,-0.006548,-0.195042,-0.022515,-0.001817,-0.005596
-0.433757,-0.006720,-0.194876,-0.022532,0.000030,-0.005649
-0.433488,-0.007021,-0.195306,-0.022577,0.001536,-0.005709
-0.433208,-0.007300,-0.196070,-0.022664,0.002619,-0.005774
-0.432936,-0.007440,-0.196591,-0.022787,0.003275,-0.005844
-0.432635,-0.007396,-0.196478,-0.022935,0.003218,-0.005936
-0.432458,-0.007160,-0.195701,-0.023198,0.002297,-0.006107
-0.432848,-0.006661,-0.194433,-0.024223,0.000515,-0.006770
-0.434088,-0.005906,-0.192889,-0.028302,-0.002464,-0.009307
-0.435582,-0.005301,-0.191688,-0.037836,-0.006593,-0.015026
-0.436199,-0.005420,-0.191902,-0.050470,-0.010344,-0.022410
-0.435417,-0.006390,-0.193913,-0.059477,-0.011867,-0.027537
-0.433839,-0.007583,-0.196550,-0.060219,-0.010675,-0.027765
-0.432471,-0.008135,-0.198266,-0.053234,-0.007179,-0.023442
-0.431790,-0.007863,-0.198677,-0.042273,-0.002239,-0.016814
-0.431854,-0.007153,-0.198106,-0.031407,0.002481,-0.010354
-0.432611,-0.006344,-0.196877,-0.023289,0.005327,-0.005661
-0.433769,-0.005697,-0.195501,-0.018804,0.005588,-0.003213
-0.434831,-0.005429,-0.194394,-0.017499,0.003479,-0.002665
-0.435454,-0.005494,-0.193510,-0.018222,0.000025,-0.003306
-0.435586,-0.005624,-0.192678,-0.019740,-0.003241,-0.004419
-0.435349,-0.005671,-0.192119,-0.021190,-0.005043,-0.005474
-0.434926,-0.005729,-0.192294,-0.022177,-0.005028,-0.006168
-0.434412,-0.005867,-0.193215,-0.022640,-0.003844,-0.006413
-0.433851,-0.005998,-0.194314,-0.022689,-0.002556,-0.006289
-0.433382,-0.006115,-0.195003,-0.022485,-0.002010,-0.005967
-0.433196,-0.006303,-0.195129,-0.022175,-0.002585,-0.005621
-0.433379,-0.006514,-0.194912,-0.021860,-0.004057,-0.005352
-0.433908,-0.006606,-0.194622,-0.021576,-0.005885,-0.005157
-0.434646,-0.006505,-0.194493,-0.021230,-0.007692,-0.004936
-0.435330,-0.006217,-0.194569,-0.020555,-0.009205,-0.004504
-0.435696,-0.005858,-0.194627,-0.019244,-0.010118,-0.003675
-0.435618,-0.005660,-0.194591,-0.017130,-0.010333,-0.002380
-0.435313,-0.005717,-0.194433,-0.014268,-0.009920,-0.000705
-0.435246,-0.005770,-0.193824,-0.011358,-0.008903,0.000909
-0.435606,-0.005574,-0.192717,-0.009836,-0.007503,0.001660
-0.436145,-0.005301,-0.191649,-0.010682,-0.006150,0.001049
-0.436505,-0.005190,-0.191118,-0.013512,-0.004986,-0.000651
-0.436470,-0.005181,-0.191224,-0.017118,-0.003749,-0.002738
-0.436060,-0.005188,-0.191788,-0.020355,-0.002144,-0.004576
-0.435455,-0.005258,-0.192556,-0.022577,-0.000150,-0.005797
-0.434772,-0.005416,-0.193181,-0.023654,0.001921,-0.006322
-0.434105,-0.005658,-0.193268,-0.023806,0.003503,-0.006304
-0.433703,-0.005985,-0.192717,-0.023404,0.004045,-0.006002
-0.433764,-0.006370,-0.191824,-0.022799,0.003408,-0.005646
-0.434199,-0.006618,-0.191097,-0.022249,0.001897,-0.005366
-0.434690,-0.006499,-0.190958,-0.021890,-0.000134,-0.005215
-0.434825,-0.006122,-0.191324,-0.021743,-0.002340,-0.005197
-0.434507,-0.005893,-0.191760,-0.021752,-0.004321,-0.005254
-0.434155,-0.006039,-0.192082,-0.021830,-0.005748,-0.005311
-0.434165,-0.006418,-0.192367,-0.021807,-0.006313,-0.005289
-0.434407,-0.007144,-0.192685,-0.021183,-0.005800,-0.004959
-0.434587,-0.008518,-0.193105,-0.019269,-0.004506,-0.003952
-0.434800,-0.009870,-0.193501,-0.016249,-0.003345,-0.002301
-0.435296,-0.010044,-0.193585,-0.013458,-0.003126,-0.000703
-0.435949,-0.008747,-0.193212,-0.012172,-0.003791,0.000081
-0.436357,-0.006736,-0.192443,-0.012743,-0.004372,-0.000200
-0.436331,-0.005161,-0.191582,-0.014663,-0.003510,-0.001251
-0.435852,-0.004774,-0.191307,-0.016162,-0.000265,-0.002027
-0.434785,-0.005730,-0.192154,-0.014483,0.005094,-0.000954
-0.433394,-0.007444,-0.193597,-0.009312,0.010671,0.002113
-0.432456,-0.008836,-0.194762,-0.004367,0.013812,0.004998
-0.432356,-0.009309,-0.195567,-0.003278,0.012826,0.005579
-0.432840,-0.009027,-0.196140,-0.006345,0.007895,0.003690
-0.433503,-0.008434,-0.196195,-0.011638,0.000984,0.000507
-0.434101,-0.007830,-0.195413,-0.016973,-0.005242,-0.002652
-0.434574,-0.007192,-0.193990,-0.020948,-0.009154,-0.004974
-0.434937,-0.006411,-0.192665,-0.023186,-0.010924,-0.006260
-0.435216,-0.005594,-0.191954,-0.023992,-0.011808,-0.006694
-0.435463,-0.004942,-0.191663,-0.023904,-0.012803,-0.006583
-0.435735,-0.004589,-0.191347,-0.023437,-0.013765,-0.006213
-0.435933,-0.004586,-0.190873,-0.022960,-0.013800,-0.005815
-0.435850,-0.004808,-0.190445,-0.022615,-0.012305,-0.005550
-0.435493,-0.004959,-0.190206,-0.022417,-0.009332,-0.005481
-0.435168,-0.004859,-0.190020,-0.022340,-0.005272,-0.005601
-0.435136,-0.004673,-0.189686,-0.022343,-0.000645,-0.005834
-0.435325,-0.004655,-0.189337,-0.022393,0.004090,-0.006044
-0.435507,-0.004810,-0.189457,-0.022458,0.008668,-0.006124
-0.435600,-0.005003,-0.190255,-0.022513,0.012922,-0.006077
-0.435655,-0.005126,-0.191292,-0.022566,0.016825,-0.005985
-0.435729,-0.005089,-0.192030,-0.022625,0.020575,-0.005923
-0.435898,-0.004960,-0.192473,-0.022680,0.024065,-0.005902
-0.436101,-0.004984,-0.193000,-0.022722,0.026283,-0.005893
-0.436083,-0.005244,-0.193680,-0.022737,0.026097,-0.005880
-,-,-,-,-,-
-0.007856,-0.000124,-0.003513,-0.000410,0.000203,-0.000098
-0.045291,-0.000682,-0.020252,-0.002359,0.001076,-0.000573
-0.125564,-0.001807,-0.056178,-0.006523,0.002741,-0.001605
-0.232697,-0.003268,-0.104205,-0.012055,0.004719,-0.002999
-0.336695,-0.004740,-0.150943,-0.017376,0.006254,-0.004355
-0.415290,-0.005864,-0.186394,-0.021330,0.006487,-0.005366
-0.460403,-0.006349,-0.206837,-0.023558,0.005040,-0.005933
-0.475701,-0.006228,-0.213852,-0.024341,0.002479,-0.006140
-0.471020,-0.005671,-0.211834,-0.024205,-0.000279,-0.006132
-0.457219,-0.004911,-0.205649,-0.023640,-0.002532,-0.006033
-0.442724,-0.004307,-0.199197,-0.022999,-0.003822,-0.005927
-0.432222,-0.004122,-0.194558,-0.022507,-0.004170,-0.005842
-0.427080,-0.004462,-0.192048,-0.022234,-0.004120,-0.005779
-0.426431,-0.005236,-0.191229,-0.022136,-0.004062,-0.005758
-0.428438,-0.006113,-0.191535,-0.022132,-0.003910,-0.005762
-0.431288,-0.006803,-0.192213,-0.022126,-0.003501,-0.005742
-0.433720,-0.007214,-0.192693,-0.022038,-0.002833,-0.005695
-0.435170,-0.007369,-0.192973,-0.021842,-0.002009,-0.005631
-0.435699,-0.007255,-0.193191,-0.021524,-0.001163,-0.005523
-0.435672,-0.006938,-0.193346,-0.021080,-0.000494,-0.005347
-0.435413,-0.006631,-0.193458,-0.020620,-0.000190,-0.005147
-0.435114,-0.006397,-0.193385,-0.020335,-0.000236,-0.005008
-0.434861,-0.006128,-0.193015,-0.020325,-0.000313,-0.004985
-0.434696,-0.005786,-0.192787,-0.020601,0.000103,-0.005064
-0.434618,-0.005463,-0.193134,-0.021104,0.001210,-0.005191
-0.434538,-0.005210,-0.193908,-0.021712,0.002499,-0.005334
-0.434375,-0.004998,-0.194859,-0.022290,0.003166,-0.005502
-0.434150,-0.004870,-0.195771,-0.022716,0.002748,-0.005674
-0.433972,-0.004974,-0.196301,-0.022917,0.001428,-0.005818
-0.433922,-0.005416,-0.196226,-0.022912,-0.000074,-0.005923
-0.433963,-0.006083,-0.195663,-0.022783,-0.000966,-0.005968
-0.434035,-0.006677,-0.195117,-0.022619,-0.000887,-0.005950
-0.434128,-0.006937,-0.195105,-0.022486,-0.000095,-0.005909
-0.434287,-0.006809,-0.195606,-0.022407,0.000902,-0.005865
-0.434453,-0.006539,-0.196171,-0.022370,0.001790,-0.005817
-0.434412,-0.006508,-0.196415,-0.022359,0.002293,-0.005780
-0.434085,-0.006803,-0.196298,-0.022364,0.002005,-0.005767
-0.433645,-0.007166,-0.196107,-0.022378,0.000708,-0.005786
-0.433339,-0.007384,-0.196190,-0.022400,-0.001500,-0.005847
-0.433303,-0.007430,-0.196525,-0.022436,-0.004236,-0.005929
-0.433495,-0.007336,-0.196739,-0.022512,-0.006762,-0.006012
-0.433799,-0.007092,-0.196585,-0.022935,-0.008206,-0.006221
-0.434095,-0.006857,-0.196030,-0.024322,-0.007874,-0.006830
-0.434336,-0.006963,-0.195137,-0.026815,-0.005530,-0.007921
-0.434534,-0.007136,-0.194212,-0.029551,-0.001595,-0.009135
-0.434621,-0.006783,-0.193762,-0.031208,0.002939,-0.009876
-0.434544,-0.006085,-0.193988,-0.030941,0.006860,-0.009732
-0.434319,-0.005554,-0.194560,-0.028925,0.009265,-0.008763
-0.433968,-0.005213,-0.195076,-0.026060,0.009818,-0.007379
-0.433557,-0.004917,-0.195415,-0.023359,0.008711,-0.006045
-0.433195,-0.004769,-0.195566,-0.021514,0.006479,-0.005111
-0.432991,-0.004905,-0.195426,-0.020711,0.003672,-0.004700
-0.432957,-0.005326,-0.194922,-0.020740,0.000685,-0.004718
-0.433064,-0.005942,-0.194218,-0.021219,-0.002260,-0.004975
-0.433384,-0.006585,-0.193583,-0.021774,-0.005166,-0.005281
-0.433868,-0.007012,-0.193163,-0.022158,-0.007997,-0.005498
-0.434269,-0.007108,-0.193050,-0.022281,-0.010239,-0.005583
-0.434458,-0.006990,-0.193372,-0.022168,-0.011098,-0.005565
-0.434484,-0.006857,-0.194095,-0.021914,-0.010203,-0.005484
-0.434418,-0.006876,-0.194958,-0.021642,-0.007975,-0.005362
-0.434369,-0.007058,-0.195659,-0.021427,-0.005477,-0.005227
-0.434445,-0.007273,-0.195962,-0.021241,-0.003855,-0.005097
-0.434654,-0.007418,-0.195801,-0.020954,-0.003607,-0.004937
-0.434933,-0.007343,-0.195200,-0.020452,-0.004058,-0.004690
-0.435212,-0.006848,-0.194142,-0.019884,-0.003663,-0.004396
-0.435372,-0.005939,-0.192864,-0.019589,-0.001544,-0.004203
-0.435322,-0.004979,-0.191854,-0.019740,0.001428,-0.004225
-0.435151,-0.004465,-0.191421,-0.020245,0.003614,-0.004467
-0.434958,-0.004560,-0.191513,-0.020883,0.004064,-0.004854
-0.434694,-0.004884,-0.191945,-0.021457,0.002801,-0.005266
-0.434331,-0.005117,-0.192598,-0.021832,0.000511,-0.005570
-0.433990,-0.005342,-0.193257,-0.021937,-0.001806,-0.005689
-0.433812,-0.005455,-0.193675,-0.021823,-0.003288,-0.005640
-0.433810,-0.005172,-0.193805,-0.021648,-0.003601,-0.005520
-0.433840,-0.004634,-0.193675,-0.021568,-0.002732,-0.005443
-0.433780,-0.004265,-0.193206,-0.021639,-0.000151,-0.005470
-0.433630,-0.004245,-0.192319,-0.021842,0.004224,-0.005598
-0.433401,-0.004526,-0.191324,-0.022124,0.008400,-0.005764
-0.433133,-0.005049,-0.190687,-0.022405,0.010523,-0.005877
-0.432961,-0.005677,-0.190699,-0.022612,0.010831,-0.005881
-0.432919,-0.006161,-0.191478,-0.022678,0.009815,-0.005798
-0.432887,-0.006392,-0.192701,-0.022581,0.007628,-0.005702
-0.432862,-0.006469,-0.193897,-0.022402,0.004888,-0.005638
-0.432887,-0.006476,-0.194960,-0.022254,0.002088,-0.005623
-0.432978,-0.006384,-0.195962,-0.022164,-0.000810,-0.005658
-0.433261,-0.006257,-0.196655,-0.022132,-0.003859,-0.005691
-0.433752,-0.006239,-0.196621,-0.022183,-0.006788,-0.005678
-0.434175,-0.006262,-0.195888,-0.022322,-0.009015,-0.005649
-0.434294,-0.006266,-0.194882,-0.022482,-0.010029,-0.005623
-0.434106,-0.006289,-0.193963,-0.022589,-0.009972,-0.005574
-0.433800,-0.006190,-0.193229,-0.022614,-0.009548,-0.005509
-0.433680,-0.005847,-0.192616,-0.022562,-0.009231,-0.005469
-0.433779,-0.005482,-0.192142,-0.022443,-0.008855,-0.005476
-0.433908,-0.005470,-0.191941,-0.022312,-0.007972,-0.005510
-0.434080,-0.005897,-0.192175,-0.022235,-0.006348,-0.005552
-0.434328,-0.006492,-0.192729,-0.022221,-0.004193,-0.005622
-0.434474,-0.006945,-0.193256,-0.022237,-0.001872,-0.005716
-0.434433,-0.007115,-0.193627,-0.022280,0.000487,-0.005793
-0.434416,-0.007011,-0.193804,-0.022376,0.002867,-0.005829
-0.434584,-0.006787,-0.193737,-0.022550,0.005121,-0.005862
-0.434807,-0.006738,-0.193566,-0.022965,0.006978,-0.006017
-0.434933,-0.006902,-0.193448,-0.024014,0.008042,-0.006496
-0.435000,-0.006845,-0.193408,-0.026071,0.007855,-0.007436
-0.435010,-0.006258,-0.193514,-0.028893,0.006091,-0.008686
-0.434853,-0.005340,-0.193773,-0.031364,0.002959,-0.009737
-0.434563,-0.004521,-0.193945,-0.032426,-0.000262,-0.010123
-0.434266,-0.004144,-0.194029,-0.032146,-0.001714,-0.009896
-0.433998,-0.004298,-0.194399,-0.031370,-0.000807,-0.009479
-0.433769,-0.004767,-0.195175,-0.030701,0.001070,-0.009188
-0.433610,-0.005199,-0.196109,-0.030141,0.002127,-0.009052
-0.433570,-0.005420,-0.196806,-0.029366,0.001756,-0.008901
-0.433716,-0.005568,-0.196934,-0.028114,0.000515,-0.008529
-0.434133,-0.005767,-0.196478,-0.026436,-0.000698,-0.007879
-0.434774,-0.005883,-0.195549,-0.024657,-0.001297,-0.007066
-0.435352,-0.005890,-0.194185,-0.023145,-0.000972,-0.006273
-0.435652,-0.006032,-0.192703,-0.022144,0.000578,-0.005675
-0.435723,-0.006295,-0.191869,-0.021683,0.002956,-0.005370
-0.435716,-0.006386,-0.192169,-0.021618,0.004516,-0.005317
-0.435730,-0.006292,-0.193088,-0.021770,0.003934,-0.005382
-0.435664,-0.006197,-0.193892,-0.022016,0.001901,-0.005453
-0.435326,-0.006110,-0.194631,-0.022263,-0.000150,-0.005496
-0.434745,-0.005931,-0.195489,-0.022436,-0.002011,-0.005490
-0.434118,-0.005677,-0.196144,-0.022514,-0.004260,-0.005423
-0.433586,-0.005512,-0.196251,-0.022516,-0.007012,-0.005323
-0.433350,-0.005576,-0.195848,-0.022453,-0.009668,-0.005250
-0.433616,-0.005883,-0.195216,-0.022342,-0.011553,-0.005240
-0.434246,-0.006196,-0.194557,-0.022204,-0.012742,-0.005301
-0.434842,-0.006081,-0.193853,-0.022057,-0.014010,-0.005399
-,-,-,-,-,-
-0.007859,-0.000139,-0.003469,-0.000370,-0.000499,-0.000090
-0.045114,-0.000945,-0.020194,-0.001773,-0.002774,-0.000350
-0.124721,-0.002807,-0.056093,-0.004284,-0.007392,-0.000665
-0.230954,-0.005090,-0.103348,-0.007732,-0.013047,-0.001075
-0.334505,-0.006766,-0.148199,-0.012041,-0.017439,-0.001861
-0.413370,-0.007197,-0.181423,-0.016453,-0.019183,-0.002998
-0.459251,-0.006001,-0.199954,-0.019876,-0.018670,-0.004131
-0.475559,-0.003756,-0.205523,-0.021891,-0.016124,-0.004981
-0.471910,-0.001979,-0.202804,-0.022752,-0.010666,-0.005488
-0.458918,-0.001591,-0.196884,-0.022880,-0.002461,-0.005708
-0.444891,-0.002444,-0.191489,-0.022627,0.006296,-0.005753
-0.434534,-0.003936,-0.188287,-0.022254,0.013104,-0.005723
-0.429204,-0.005380,-0.187234,-0.021916,0.017091,-0.005660
-0.428081,-0.006304,-0.187755,-0.021683,0.018693,-0.005606
-0.429473,-0.006645,-0.189329,-0.021584,0.018134,-0.005579
-0.431752,-0.006523,-0.191291,-0.021627,0.015273,-0.005567
-0.433883,-0.006099,-0.192909,-0.021784,0.010522,-0.005583
-0.435485,-0.005680,-0.193730,-0.021966,0.005200,-0.005642
-0.436479,-0.005479,-0.193694,-0.022096,0.001126,-0.005713
-0.436847,-0.005442,-0.193082,-0.022190,-0.000143,-0.005746
-0.436693,-0.005562,-0.192421,-0.022302,0.001827,-0.005726
-0.436232,-0.005883,-0.192094,-0.022422,0.006079,-0.005695
-0.435631,-0.006261,-0.192088,-0.022496,0.010927,-0.005702
-0.435103,-0.006426,-0.192233,-0.022500,0.014674,-0.005735
-0.434881,-0.006239,-0.192360,-0.022459,0.015902,-0.005753
-0.434897,-0.005862,-0.192351,-0.022387,0.013949,-0.005740
-0.434942,-0.005568,-0.192341,-0.022292,0.009332,-0.005709
-0.434912,-0.005441,-0.192542,-0.022218,0.003557,-0.005685
-0.434702,-0.005461,-0.192977,-0.022205,-0.001502,-0.005681
-0.434356,-0.005661,-0.193571,-0.022242,-0.004509,-0.005674
-0.434180,-0.005975,-0.194132,-0.022308,-0.005267,-0.005673
-0.434342,-0.006216,-0.194358,-0.022383,-0.004391,-0.005697
-0.434687,-0.006262,-0.194136,-0.022446,-0.002695,-0.005728
-0.435033,-0.006056,-0.193563,-0.022465,-0.000836,-0.005756
-0.435350,-0.005637,-0.192865,-0.022431,0.000908,-0.005795
-0.435612,-0.005188,-0.192495,-0.022355,0.002390,-0.005830
-0.435680,-0.004907,-0.192765,-0.022263,0.003117,-0.005814
-0.435566,-0.004977,-0.193332,-0.022189,0.002598,-0.005728
-0.435476,-0.005525,-0.193658,-0.022126,0.001137,-0.005599
-0.435470,-0.006439,-0.193722,-0.022052,-0.000519,-0.005459
-0.435430,-0.007416,-0.193742,-0.021963,-0.001986,-0.005332
-0.435074,-0.009643,-0.194198,-0.020864,-0.003244,-0.004864
-0.434103,-0.015308,-0.195850,-0.016860,-0.004437,-0.003342
-0.432928,-0.022351,-0.198244,-0.010741,-0.005492,-0.001034
-0.432427,-0.025624,-0.199901,-0.006321,-0.005862,0.000651
-0.432844,-0.023620,-0.200082,-0.005957,-0.005388,0.000816
-0.433766,-0.018517,-0.198908,-0.008975,-0.004750,-0.000295
-0.434704,-0.012916,-0.197062,-0.013335,-0.004560,-0.001917
-0.435334,-0.008380,-0.195584,-0.017187,-0.005026,-0.003333
-0.435520,-0.005178,-0.194856,-0.019695,-0.006247,-0.004205
-0.435398,-0.003019,-0.194340,-0.020924,-0.007908,-0.004599
-0.435287,-0.001685,-0.193578,-0.021310,-0.009209,-0.004732
-0.435339,-0.001240,-0.192740,-0.021310,-0.009369,-0.004770
-0.435440,-0.001821,-0.192217,-0.021259,-0.007917,-0.004836
-0.435536,-0.003188,-0.192131,-0.021323,-0.004796,-0.004992
-0.435677,-0.004725,-0.192290,-0.021527,-0.000511,-0.005209
-0.435743,-0.005856,-0.192531,-0.021828,0.003960,-0.005422
-0.435618,-0.006322,-0.192896,-0.022163,0.007502,-0.005580
-0.435375,-0.006269,-0.193343,-0.022464,0.009337,-0.005669
-0.435108,-0.006092,-0.193578,-0.022673,0.009386,-0.005708
-0.434874,-0.006059,-0.193446,-0.022769,0.008207,-0.005737
-0.434680,-0.006104,-0.193097,-0.022762,0.006330,-0.005779
-0.434526,-0.006051,-0.192648,-0.022685,0.003716,-0.005811
-0.434426,-0.005843,-0.192163,-0.022581,0.000225,-0.005792
-0.434303,-0.005528,-0.191771,-0.022476,-0.003618,-0.005733
-0.434186,-0.005181,-0.191529,-0.022383,-0.006795,-0.005682
-0.434265,-0.004874,-0.191399,-0.022306,-0.008635,-0.005651
-0.434627,-0.004690,-0.191425,-0.022233,-0.009236,-0.005619
-0.435192,-0.004709,-0.191689,-0.022171,-0.009082,-0.005575
-0.435725,-0.004955,-0.192044,-0.022171,-0.008518,-0.005513
-0.436008,-0.005321,-0.192181,-0.022244,-0.007723,-0.005445
-0.436052,-0.005666,-0.192119,-0.022334,-0.006963,-0.005407
-0.435902,-0.005911,-0.192244,-0.022378,-0.006666,-0.005432
-0.435615,-0.005981,-0.192675,-0.022363,-0.007035,-0.005502
-0.435422,-0.005912,-0.193074,-0.022315,-0.007655,-0.005570
-0.435462,-0.005800,-0.193215,-0.022271,-0.007841,-0.005605
-0.435562,-0.005641,-0.193160,-0.022254,-0.007304,-0.005604
-0.435531,-0.005424,-0.192932,-0.022271,-0.006235,-0.005594
-0.435367,-0.005093,-0.192471,-0.022319,-0.004893,-0.005624
-0.435171,-0.004553,-0.191767,-0.022380,-0.003303,-0.005691
-0.435066,-0.003915,-0.191033,-0.022427,-0.001445,-0.005730
-0.435105,-0.003471,-0.190663,-0.022444,0.000361,-0.005718
-0.435267,-0.003478,-0.190830,-0.022439,0.001558,-0.005691
-0.435523,-0.003963,-0.191371,-0.022426,0.002037,-0.005684
-0.435838,-0.004682,-0.191861,-0.022409,0.002155,-0.005714
-0.436095,-0.005327,-0.191924,-0.022372,0.002014,-0.005752
-0.436102,-0.005756,-0.191768,-0.022318,0.001446,-0.005754
-0.435851,-0.005986,-0.191844,-0.022285,0.000458,-0.005714
-0.435646,-0.006072,-0.192107,-0.022296,-0.000756,-0.005657
-0.435744,-0.006072,-0.192212,-0.022361,-0.001932,-0.005632
-0.436053,-0.006007,-0.192145,-0.022493,-0.002812,-0.005663
-0.436380,-0.005805,-0.192174,-0.022675,-0.003306,-0.005716
-0.436573,-0.005483,-0.192340,-0.022845,-0.003650,-0.005765
-0.436533,-0.005193,-0.192441,-0.022956,-0.004331,-0.005820
-0.436448,-0.005078,-0.192390,-0.022986,-0.005603,-0.005881
-0.436607,-0.005136,-0.192344,-0.022923,-0.007129,-0.005913
-0.436922,-0.005217,-0.192469,-0.022800,-0.008212,-0.005877
-0.437078,-0.005268,-0.192685,-0.022661,-0.008261,-0.005783
-0.436917,-0.005315,-0.192724,-0.022506,-0.007197,-0.005705
-0.436487,-0.005235,-0.192350,-0.022339,-0.005444,-0.005684
-0.435970,-0.004943,-0.191576,-0.022218,-0.003395,-0.005688
-0.435464,-0.004611,-0.190691,-0.022194,-0.001273,-0.005706
-0.434984,-0.004571,-0.189974,-0.022246,0.000603,-0.005767
-0.434679,-0.005049,-0.189501,-0.022288,0.001998,-0.005853
-0.434748,-0.005845,-0.189207,-0.022267,0.002863,-0.005934
-0.435159,-0.006460,-0.189111,-0.022197,0.003101,-0.006005
-0.435619,-0.006663,-0.189345,-0.022114,0.002690,-0.006052
-0.435930,-0.006574,-0.189889,-0.022036,0.001688,-0.006051
-0.436072,-0.006407,-0.190469,-0.021969,-0.000008,-0.005983
-0.435950,-0.006316,-0.190824,-0.021910,-0.002307,-0.005868
-0.435622,-0.006258,-0.190916,-0.021878,-0.004502,-0.005776
-0.435390,-0.006112,-0.190931,-0.021903,-0.005773,-0.005752
-0.435440,-0.005872,-0.191057,-0.021984,-0.006045,-0.005798
-0.435806,-0.005673,-0.191151,-0.022099,-0.006072,-0.005895
-0.436298,-0.005707,-0.191012,-0.022220,-0.006677,-0.005986
-0.436486,-0.005931,-0.190763,-0.022320,-0.008082,-0.005998
-0.436262,-0.005967,-0.190495,-0.022373,-0.009985,-0.005911
-0.435958,-0.005520,-0.190193,-0.022369,-0.012024,-0.005772
-0.435850,-0.004737,-0.189964,-0.022290,-0.013947,-0.005648
-0.436007,-0.004073,-0.189783,-0.022145,-0.015322,-0.005578
-0.436329,-0.003755,-0.189522,-0.021985,-0.015370,-0.005555
-0.436604,-0.003620,-0.189240,-0.021860,-0.013561,-0.005555
-0.436782,-0.003547,-0.189018,-0.021827,-0.010141,-0.005563
-0.436985,-0.003693,-0.188890,-0.021939,-0.005858,-0.005563
-0.437218,-0.004130,-0.188935,-0.022174,-0.001757,-0.005564
-0.437323,-0.004658,-0.189113,-0.022444,0.001008,-0.005585
-0.437235,-0.005108,-0.189237,-0.022669,0.001843,-0.005608
-0.437085,-0.005500,-0.189204,-0.022808,0.000882,-0.005625
-,-,-,-,-,-
-0.007808,0.000031,-0.003486,-0.000983,-0.000070,-0.000343
-0.045404,-0.000516,-0.019580,-0.005797,-0.000664,-0.002014
-0.126698,-0.002957,-0.053191,-0.015783,-0.002616,-0.005426
-0.235546,-0.006972,-0.097535,-0.027243,-0.005744,-0.009197
-0.340901,-0.010264,-0.141001,-0.034922,-0.008126,-0.011483
-0.419918,-0.011422,-0.174867,-0.036891,-0.008283,-0.011709
-0.464623,-0.010803,-0.195477,-0.034509,-0.006709,-0.010451
-0.478847,-0.009010,-0.204128,-0.031808,-0.004290,-0.009273
-0.472352,-0.005816,-0.205326,-0.035781,-0.001089,-0.011081
-0.456277,-0.001389,-0.203152,-0.049912,0.001833,-0.017494
-0.440109,0.002310,-0.199183,-0.066706,0.002204,-0.025297
-0.429363,0.003293,-0.194238,-0.074786,-0.000224,-0.029294
-0.425217,0.001564,-0.189660,-0.070518,-0.003696,-0.027677
-0.426085,-0.001529,-0.186553,-0.057924,-0.007025,-0.022185
-0.429506,-0.004641,-0.185213,-0.042922,-0.009595,-0.015482
-0.433369,-0.006918,-0.185228,-0.029992,-0.010894,-0.009607
-0.436414,-0.008011,-0.185856,-0.021323,-0.010822,-0.005586
-0.438259,-0.007956,-0.186408,-0.017182,-0.009463,-0.003573
-0.438992,-0.007086,-0.186598,-0.016605,-0.006917,-0.003149
-0.438906,-0.005960,-0.186678,-0.018113,-0.003776,-0.003684
-0.438416,-0.005120,-0.186910,-0.020301,-0.001210,-0.004614
-0.437840,-0.004820,-0.187202,-0.022214,-0.000179,-0.005552
-0.437355,-0.004939,-0.187448,-0.023469,-0.000882,-0.006289
-0.437022,-0.005204,-0.187683,-0.024089,-0.002732,-0.006750
-0.436843,-0.005465,-0.187855,-0.024223,-0.004624,-0.006914
-0.436882,-0.005686,-0.187815,-0.023991,-0.005655,-0.006773
-0.437189,-0.005859,-0.187536,-0.023523,-0.005633,-0.006393
-0.437662,-0.005999,-0.187273,-0.023011,-0.004916,-0.005940
-0.438039,-0.006133,-0.187402,-0.022698,-0.004083,-0.005625
-0.438075,-0.006230,-0.187904,-0.022872,-0.003607,-0.005640
-0.437812,-0.006179,-0.188381,-0.023706,-0.003646,-0.006067
-0.437461,-0.005966,-0.188628,-0.025031,-0.004224,-0.006788
-0.437120,-0.005700,-0.188707,-0.026398,-0.005233,-0.007567
-0.436921,-0.005495,-0.188602,-0.027321,-0.006204,-0.008143
-0.437020,-0.005471,-0.188208,-0.027437,-0.006556,-0.008315
-0.437295,-0.005656,-0.187504,-0.026676,-0.006139,-0.008035
-0.437530,-0.005875,-0.186605,-0.025349,-0.005334,-0.007431
-0.437722,-0.005858,-0.185817,-0.023955,-0.004717,-0.006741
-0.437926,-0.005594,-0.185400,-0.022878,-0.004657,-0.006195
-0.438073,-0.005421,-0.185414,-0.022252,-0.005060,-0.005879
-0.437998,-0.005487,-0.185732,-0.022006,-0.005438,-0.005733
-0.437624,-0.005521,-0.185867,-0.021989,-0.005145,-0.005686
-0.437181,-0.005259,-0.185488,-0.022058,-0.003654,-0.005697
-0.437081,-0.004762,-0.185003,-0.022135,-0.000927,-0.005723
-0.437474,-0.004332,-0.184914,-0.022201,0.002506,-0.005714
-0.438115,-0.004209,-0.185191,-0.022259,0.005960,-0.005649
-0.438650,-0.004364,-0.185625,-0.022312,0.008979,-0.005559
-0.438839,-0.004611,-0.186107,-0.022361,0.011362,-0.005498
-0.438578,-0.004804,-0.186542,-0.022395,0.013143,-0.005511
-0.437885,-0.004895,-0.186874,-0.022403,0.014463,-0.005599
-0.436972,-0.004975,-0.186987,-0.022393,0.015262,-0.005717
-0.436144,-0.005210,-0.186835,-0.022386,0.015201,-0.005814
-0.435584,-0.005644,-0.186665,-0.022400,0.013998,-0.005854
-0.435401,-0.006169,-0.186734,-0.022428,0.011786,-0.005832
-0.435715,-0.006597,-0.187005,-0.022456,0.009154,-0.005791
-0.436481,-0.006776,-0.187277,-0.022501,0.006888,-0.005774
-0.437345,-0.006724,-0.187493,-0.022565,0.005617,-0.005786
-0.437836,-0.006639,-0.187819,-0.022615,0.005434,-0.005823
-0.437734,-0.006684,-0.188353,-0.022620,0.005969,-0.005866
-0.437183,-0.006709,-0.188902,-0.022566,0.006889,-0.005871
-0.436516,-0.006382,-0.189313,-0.022457,0.008007,-0.005823
-0.436080,-0.005625,-0.189702,-0.022325,0.008984,-0.005744
-0.436083,-0.004750,-0.190088,-0.022226,0.009273,-0.005670
-0.436386,-0.004207,-0.190269,-0.022203,0.008436,-0.005616
-0.436648,-0.004223,-0.190140,-0.022239,0.006469,-0.005553
-0.436672,-0.004647,-0.189758,-0.022284,0.003890,-0.005457
-0.436531,-0.005154,-0.189216,-0.022323,0.001425,-0.005358
-0.436513,-0.005519,-0.188633,-0.022369,-0.000424,-0.005322
-0.436751,-0.005720,-0.188122,-0.022411,-0.001485,-0.005394
-0.437134,-0.005863,-0.187639,-0.022416,-0.001819,-0.005557
-0.437594,-0.006042,-0.187081,-0.022375,-0.001579,-0.005733
-0.437986,-0.006135,-0.186539,-0.022321,-0.000892,-0.005857
-0.438036,-0.005947,-0.186257,-0.022279,0.000138,-0.005926
-0.437731,-0.005625,-0.186416,-0.022237,0.001395,-0.005947
-0.437286,-0.005544,-0.186988,-0.022179,0.002721,-0.005907
-0.436803,-0.005851,-0.187800,-0.022110,0.003827,-0.005834
-0.436367,-0.006283,-0.188695,-0.022060,0.004342,-0.005758
-0.436105,-0.006472,-0.189559,-0.022061,0.004000,-0.005673
-0.435948,-0.006447,-0.190251,-0.022123,0.002786,-0.005592
-0.435799,-0.006544,-0.190537,-0.022218,0.000982,-0.005553
-0.435764,-0.006846,-0.190291,-0.022305,-0.000927,-0.005553
-0.435983,-0.007056,-0.189639,-0.022349,-0.002442,-0.005563
-0.436441,-0.006924,-0.188761,-0.022341,-0.003254,-0.005581
-0.436917,-0.006511,-0.187947,-0.022289,-0.003338,-0.005616
-0.437166,-0.005978,-0.187545,-0.022208,-0.002791,-0.005649
-0.437168,-0.005405,-0.187618,-0.022128,-0.001591,-0.005654
-0.437031,-0.004949,-0.188072,-0.022021,0.000274,-0.005611
-0.436853,-0.004873,-0.188830,-0.021731,0.002512,-0.005465
-0.436769,-0.005123,-0.189631,-0.021131,0.004573,-0.005176
-0.436812,-0.005260,-0.190130,-0.020385,0.005848,-0.004823
-0.436838,-0.005123,-0.190338,-0.019861,0.005861,-0.004566
-0.436808,-0.005013,-0.190451,-0.019776,0.004615,-0.004517
-0.436869,-0.005093,-0.190374,-0.020091,0.002762,-0.004686
-0.437042,-0.005201,-0.189971,-0.020641,0.001239,-0.004978
-0.437088,-0.005209,-0.189438,-0.021229,0.000650,-0.005246
-0.436804,-0.005174,-0.189116,-0.021678,0.000947,-0.005389
-0.436270,-0.005166,-0.189195,-0.021904,0.001820,-0.005414
-0.435657,-0.005152,-0.189525,-0.021914,0.003105,-0.005365
-0.435079,-0.005152,-0.189714,-0.021632,0.004555,-0.005215
-0.434802,-0.005264,-0.189550,-0.020812,0.005661,-0.004837
-0.435079,-0.005441,-0.189143,-0.019494,0.006057,-0.004223
-0.435688,-0.005504,-0.188768,-0.018314,0.005806,-0.003654
-0.436180,-0.005343,-0.188787,-0.017958,0.004967,-0.003453
-0.436401,-0.004969,-0.189365,-0.018548,0.003444,-0.003692
-0.436396,-0.004507,-0.190255,-0.019717,0.001425,-0.004223
-0.436163,-0.004134,-0.190999,-0.020975,-0.000604,-0.004849
-0.435842,-0.004060,-0.191286,-0.021971,-0.002166,-0.005418
-0.435679,-0.004441,-0.191242,-0.022557,-0.002972,-0.005830
-0.435680,-0.005138,-0.191207,-0.022700,-0.003078,-0.005987
-0.435698,-0.005738,-0.191253,-0.022434,-0.002875,-0.005820
-0.435753,-0.005962,-0.191295,-0.021953,-0.002931,-0.005430
-0.435930,-0.005891,-0.191420,-0.021567,-0.003744,-0.005088
-0.436059,-0.005777,-0.191659,-0.021458,-0.005194,-0.004991
-0.435878,-0.005821,-0.191797,-0.021598,-0.006393,-0.005114
-0.435440,-0.006142,-0.191594,-0.021845,-0.006472,-0.005321
-0.435041,-0.006629,-0.191013,-0.022073,-0.005259,-0.005494
-0.434950,-0.006911,-0.190260,-0.022225,-0.003338,-0.005580
-0.435320,-0.006703,-0.189670,-0.022309,-0.001610,-0.005595
-0.436052,-0.006181,-0.189467,-0.022346,-0.000650,-0.005589
-0.436868,-0.005796,-0.189580,-0.022343,-0.000445,-0.005581
-0.437567,-0.005751,-0.189795,-0.022310,-0.000707,-0.005572
-0.437959,-0.005925,-0.190035,-0.022280,-0.001210,-0.005577
-0.437838,-0.006139,-0.190304,-0.022277,-0.001689,-0.005616
-0.437284,-0.006175,-0.190539,-0.022299,-0.001761,-0.005671
-0.436672,-0.005897,-0.190655,-0.022346,-0.001304,-0.005698
-0.436362,-0.005489,-0.190551,-0.022402,-0.000581,-0.005702
-0.436469,-0.005201,-0.190206,-0.022439,0.000047,-0.005730
-0.436868,-0.005011,-0.189705,-0.022454,0.000342,-0.005787
-,-,-,-,-,-
-0.007892,-0.000141,-0.003405,-0.000399,-0.000034,-0.000100
-0.045437,-0.000744,-0.019578,-0.002296,-0.000237,-0.000578
-0.125850,-0.001886,-0.054152,-0.006372,-0.000754,-0.001609
-0.233111,-0.003253,-0.100293,-0.011850,-0.001529,-0.002989
-0.337228,-0.004503,-0.145314,-0.017246,-0.002286,-0.004320
-0.415919,-0.005432,-0.179645,-0.021415,-0.002670,-0.005299
-0.461100,-0.005930,-0.199615,-0.023871,-0.002371,-0.005813
-0.476467,-0.006066,-0.206689,-0.024733,-0.001301,-0.005929
-0.471930,-0.006080,-0.205090,-0.024504,0.000325,-0.005830
-0.458399,-0.006151,-0.199421,-0.023786,0.002021,-0.005672
-0.444236,-0.006262,-0.193080,-0.023049,0.003269,-0.005519
-0.434025,-0.006326,-0.188072,-0.022529,0.003904,-0.005386
-0.429015,-0.006313,-0.185346,-0.022249,0.004091,-0.005292
-0.428258,-0.006190,-0.184777,-0.022124,0.003994,-0.005257
-0.429955,-0.006018,-0.185480,-0.022097,0.003702,-0.005286
-0.432467,-0.005959,-0.186638,-0.022151,0.003263,-0.005377
-0.434678,-0.005997,-0.187877,-0.022241,0.002623,-0.005509
-0.436053,-0.006018,-0.189071,-0.022307,0.001723,-0.005643
-0.436583,-0.006038,-0.190178,-0.022340,0.000656,-0.005731
-0.436514,-0.006034,-0.191074,-0.022369,-0.000285,-0.005759
-0.436105,-0.005908,-0.191486,-0.022398,-0.000718,-0.005730
-0.435638,-0.005668,-0.191273,-0.022417,-0.000491,-0.005657
-0.435461,-0.005456,-0.190581,-0.022439,0.000130,-0.005600
-0.435780,-0.005332,-0.189822,-0.022465,0.000604,-0.005614
-0.436417,-0.005216,-0.189469,-0.022481,0.000583,-0.005656
-0.437000,-0.005100,-0.189568,-0.022477,0.000287,-0.005670
-0.437298,-0.005057,-0.189732,-0.022442,0.000201,-0.005666
-0.437259,-0.005076,-0.189729,-0.022369,0.000509,-0.005670
-0.437016,-0.005161,-0.189714,-0.022289,0.001043,-0.005666
-0.436831,-0.005409,-0.189915,-0.022249,0.001519,-0.005643
-0.436775,-0.005753,-0.190266,-0.022252,0.001615,-0.005616
-0.436743,-0.006016,-0.190446,-0.022275,0.001175,-0.005585
-0.436679,-0.006216,-0.190325,-0.022313,0.000503,-0.005539
-0.436518,-0.006436,-0.190094,-0.022355,0.000165,-0.005494
-0.436184,-0.006681,-0.189975,-0.022385,0.000344,-0.005463
-0.435766,-0.006860,-0.190043,-0.022413,0.000575,-0.005409
-0.435539,-0.006806,-0.190203,-0.022451,0.000233,-0.005309
-0.435685,-0.006558,-0.190193,-0.022470,-0.000896,-0.005204
-0.436073,-0.006306,-0.189907,-0.022434,-0.002623,-0.005168
-0.436379,-0.006063,-0.189638,-0.022347,-0.004655,-0.005230
-0.436437,-0.005849,-0.189633,-0.022257,-0.006630,-0.005344
-0.436369,-0.005831,-0.189766,-0.022217,-0.008049,-0.005459
-0.436295,-0.005962,-0.189840,-0.022241,-0.008383,-0.005562
-0.436194,-0.005972,-0.189785,-0.022307,-0.007313,-0.005649
-0.436072,-0.005772,-0.189691,-0.022374,-0.004995,-0.005701
-0.435975,-0.005537,-0.189717,-0.022418,-0.002159,-0.005701
-0.435992,-0.005490,-0.189813,-0.022429,0.000250,-0.005643
-0.436257,-0.005673,-0.189867,-0.022404,0.001635,-0.005551
-0.436780,-0.005943,-0.189844,-0.022359,0.001975,-0.005467
-0.437406,-0.006148,-0.189593,-0.022314,0.001757,-0.005424
-0.437893,-0.006256,-0.189007,-0.022278,0.001685,-0.005465
-0.438046,-0.006313,-0.188280,-0.022252,0.002138,-0.005597
-0.437836,-0.006339,-0.187911,-0.022233,0.003032,-0.005739
-0.437340,-0.006348,-0.188342,-0.022219,0.004124,-0.005803
-0.436638,-0.006327,-0.189469,-0.022204,0.005219,-0.005785
-0.435941,-0.006295,-0.190784,-0.022151,0.006296,-0.005722
-0.435623,-0.006355,-0.191848,-0.022020,0.007418,-0.005614
-0.435841,-0.006481,-0.192383,-0.021780,0.008472,-0.005426
-0.436256,-0.006479,-0.192291,-0.021417,0.009203,-0.005142
-0.436422,-0.006207,-0.191807,-0.020993,0.009444,-0.004819
-0.436283,-0.005732,-0.191266,-0.020643,0.009172,-0.004569
