-,-,-,-,-,-
0.001867,0.000126,0.009527,-0.000441,-0.000167,-0.000059
0.010703,0.001136,0.054978,-0.002776,-0.001020,-0.000300
0.029494,0.003800,0.152358,-0.008044,-0.002952,-0.000850
0.054397,0.007002,0.281822,-0.014822,-0.005426,-0.001835
0.078442,0.008733,0.406605,-0.020468,-0.007199,-0.003209
0.096341,0.008602,0.499816,-0.023490,-0.007493,-0.004737
0.106244,0.007437,0.552314,-0.023714,-0.006494,-0.006236
0.109619,0.006078,0.569694,-0.021834,-0.004890,-0.007511
0.109220,0.005061,0.564481,-0.019089,-0.003336,-0.008310
0.107197,0.004584,0.549320,-0.016575,-0.002102,-0.008543
0.104767,0.004809,0.533655,-0.014865,-0.001182,-0.008289
0.102670,0.005795,0.522613,-0.014126,-0.000645,-0.007640
0.101453,0.007188,0.517521,-0.014309,-0.000581,-0.006595
0.101315,0.008469,0.517130,-0.015136,-0.000829,-0.005121
0.101795,0.009469,0.518820,-0.016094,-0.000989,-0.003434
0.101911,0.010393,0.520395,-0.016648,-0.000809,-0.002116
0.101220,0.011302,0.521250,-0.016527,-0.000340,-0.001742
0.100409,0.012064,0.521845,-0.015886,0.000310,-0.002397
0.100377,0.012686,0.522802,-0.015234,0.001030,-0.003674
0.101306,0.013146,0.524330,-0.015123,0.001689,-0.005028
0.102734,0.013218,0.526100,-0.015823,0.002164,-0.006078
0.103996,0.012781,0.527655,-0.017246,0.002392,-0.006651
0.104481,0.012113,0.528649,-0.019100,0.002422,-0.006684
0.103970,0.011617,0.528794,-0.021055,0.002311,-0.006247
0.102838,0.011293,0.528039,-0.022789,0.002046,-0.005609
0.101769,0.010908,0.526736,-0.024094,0.001610,-0.005056
0.101244,0.010491,0.525447,-0.024991,0.001053,-0.004648
0.101227,0.010098,0.524484,-0.025638,0.000493,-0.004290
0.101344,0.009512,0.523701,-0.026044,0.000025,-0.003981
0.101292,0.008628,0.522985,-0.026085,-0.000311,-0.003807
0.101128,0.007761,0.522513,-0.025752,-0.000457,-0.003797
0.101026,0.007282,0.522190,-0.025164,-0.000312,-0.003948
0.100842,0.007161,0.521544,-0.024392,0.000138,-0.004349
0.100423,0.007086,0.520592,-0.023396,0.000771,-0.005115
0.100033,0.007055,0.520047,-0.022195,0.001399,-0.006165
0.100103,0.007501,0.520549,-0.021074,0.001797,-0.007168
0.100696,0.008536,0.522040,-0.020440,0.001834,-0.007746
0.101486,0.009563,0.523812,-0.020470,0.001566,-0.007704
0.102171,0.009990,0.525094,-0.021069,0.001181,-0.007067
0.102625,0.009729,0.525560,-0.021998,0.000760,-0.006015
0.103011,0.008872,0.525381,-0.022863,0.000183,-0.004886
0.103467,0.007578,0.524810,-0.023282,-0.000494,-0.004015
0.103520,0.006160,0.523920,-0.023151,-0.001036,-0.003544
0.102836,0.004944,0.522940,-0.022525,-0.001327,-0.003519
0.101907,0.004315,0.522302,-0.021507,-0.001364,-0.003901
0.101348,0.004712,0.522186,-0.020359,-0.001285,-0.004464
0.101229,0.006049,0.522453,-0.019375,-0.001195,-0.004940
0.101243,0.007675,0.522989,-0.018636,-0.001075,-0.005277
0.101254,0.009223,0.523800,-0.018131,-0.001090,-0.005596
0.101295,0.010681,0.524847,-0.017944,-0.001482,-0.005954
0.101253,0.011835,0.525935,-0.018172,-0.002254,-0.006252
0.101090,0.012393,0.526781,-0.018782,-0.003192,-0.006362
0.101007,0.012347,0.527236,-0.019658,-0.004020,-0.006240
0.101055,0.011776,0.527226,-0.020685,-0.004505,-0.005954
0.101021,0.010626,0.526600,-0.021645,-0.004532,-0.005656
0.100876,0.008947,0.525421,-0.022203,-0.004148,-0.005506
0.100896,0.007054,0.524138,-0.022143,-0.003474,-0.005530
0.101128,0.005290,0.523044,-0.021502,-0.002579,-0.005616
0.101205,0.003903,0.522074,-0.020425,-0.001628,-0.005746
0.101033,0.003185,0.521414,-0.019052,-0.000975,-0.006008
0.101053,0.003357,0.521509,-0.017635,-0.000822,-0.006327
0.101463,0.004214,0.522259,-0.016514,-0.001068,-0.006454
0.101911,0.005288,0.523000,-0.015834,-0.001505,-0.006293
0.102092,0.006442,0.523406,-0.015482,-0.001958,-0.006042
0.101969,0.007890,0.523625,-0.015313,-0.002315,-0.005993
0.101611,0.009798,0.523760,-0.015297,-0.002537,-0.006251
0.101312,0.012204,0.523989,-0.015495,-0.002620,-0.006633
0.101578,0.014876,0.524729,-0.016035,-0.002545,-0.006823
0.102599,0.017145,0.526104,-0.017060,-0.002282,-0.006570
0.103871,0.018174,0.527384,-0.018569,-0.001846,-0.005808
0.104599,0.017505,0.527559,-0.020245,-0.001318,-0.004740
0.104389,0.015544,0.526682,-0.021594,-0.000800,-0.003688
0.103569,0.013330,0.525826,-0.022387,-0.000380,-0.002831
0.102934,0.011657,0.525697,-0.022808,-0.000100,-0.002161
0.102874,0.010585,0.525880,-0.023082,0.000162,-0.001687
0.102807,0.009653,0.525467,-0.023159,0.000602,-0.001587
0.101902,0.008520,0.524105,-0.022820,0.001124,-0.002141
0.100229,0.007322,0.522359,-0.021959,0.001310,-0.003473
0.098837,0.006460,0.521248,-0.020734,0.000888,-0.005345
0.098819,0.006285,0.521457,-0.019483,0.000061,-0.007256
0.100392,0.006843,0.522997,-0.018556,-0.000718,-0.008731
0.102818,0.007803,0.525245,-0.018168,-0.001119,-0.009522
0.104864,0.008749,0.527005,-0.018271,-0.001047,-0.009686
0.105444,0.009516,0.527204,-0.018546,-0.000668,-0.009557
0.104385,0.010194,0.525934,-0.018661,-0.000336,-0.009508
0.102490,0.010964,0.524414,-0.018573,-0.000379,-0.009645
0.100913,0.011989,0.523898,-0.018528,-0.000879,-0.009778
0.100525,0.013306,0.524662,-0.018828,-0.001627,-0.009669
0.101339,0.014625,0.525900,-0.019614,-0.002298,-0.009251
0.102346,0.015335,0.526398,-0.020703,-0.002685,-0.008703
0.102401,0.015005,0.525537,-0.021600,-0.002846,-0.008389
0.101485,0.013834,0.523995,-0.021896,-0.003048,-0.008556
0.100640,0.012408,0.523101,-0.021673,-0.003488,-0.009021
0.100824,0.011133,0.523502,-0.021364,-0.004026,-0.009293
0.102150,0.010134,0.524788,-0.021306,-0.004254,-0.009018
0.103815,0.009472,0.526073,-0.021546,-0.003931,-0.008245
0.104761,0.009140,0.526673,-0.021927,-0.003268,-0.007305
0.104603,0.008964,0.526341,-0.022265,-0.002753,-0.006509
0.103851,0.008779,0.525269,-0.022384,-0.002770,-0.006014
0.103242,0.008715,0.523915,-0.022097,-0.003246,-0.005886
0.103029,0.009104,0.522683,-0.021280,-0.003716,-0.006185
0.103163,0.010150,0.521977,-0.020030,-0.003784,-0.006878
0.103753,0.011788,0.522177,-0.018772,-0.003400,-0.007693
0.104861,0.013652,0.523286,-0.018070,-0.002702,-0.008218
0.106109,0.015178,0.524931,-0.018271,-0.001838,-0.008201
0.106826,0.015967,0.526470,-0.019344,-0.001000,-0.007711
0.106613,0.016034,0.527385,-0.021001,-0.000400,-0.006992
0.105728,0.015528,0.527782,-0.022890,-0.000115,-0.006249
0.104777,0.014478,0.528049,-0.024664,0.000005,-0.005604
0.103982,0.012863,0.528023,-0.026034,0.000198,-0.005115
0.103082,0.010637,0.527007,-0.026836,0.000527,-0.004808
0.101996,0.007974,0.524768,-0.026904,0.000785,-0.004749
0.101142,0.005548,0.522248,-0.026122,0.000776,-0.004952
0.100964,0.004090,0.521010,-0.024709,0.000509,-0.005225
0.101527,0.003794,0.521778,-0.023139,0.000127,-0.005334
0.102385,0.004445,0.523662,-0.021751,-0.000190,-0.005247
0.102649,0.005821,0.524984,-0.020616,-0.000349,-0.005164
0.101809,0.007811,0.524829,-0.019666,-0.000451,-0.005353
0.100466,0.010332,0.523786,-0.018874,-0.000635,-0.005890
0.099735,0.012992,0.523085,-0.018390,-0.000941,-0.006565
0.100260,0.015092,0.523381,-0.018465,-0.001282,-0.007101
0.101838,0.016187,0.524476,-0.019225,-0.001455,-0.007340
0.103639,0.016206,0.525584,-0.020576,-0.001341,-0.007267
0.104803,0.015182,0.525957,-0.022245,-0.001088,-0.006942
0.104997,0.013218,0.525572,-0.023810,-0.000987,-0.006463
0.104678,0.010709,0.525035,-0.024845,-0.001209,-0.005930
0.104643,0.008371,0.524839,-0.025140,-0.001647,-0.005394
0.105086,0.006819,0.524859,-0.024772,-0.001967,-0.004866
-,-,-,-,-,-
0.001821,0.000106,0.009403,-0.000359,-0.000034,-0.000100
0.010460,0.000670,0.054210,-0.002019,-0.000201,-0.000591
0.029008,0.002086,0.150342,-0.005447,-0.000591,-0.001684
0.054036,0.004378,0.278923,-0.009825,-0.001168,-0.003193
0.078896,0.007167,0.404426,-0.013891,-0.001717,-0.004687
0.098206,0.010026,0.500010,-0.016875,-0.002010,-0.005800
0.109406,0.012679,0.555131,-0.018624,-0.002099,-0.006397
0.113000,0.014912,0.573964,-0.019392,-0.002294,-0.006520
0.111632,0.016537,0.568975,-0.019676,-0.002819,-0.006227
0.108453,0.017431,0.553393,-0.019992,-0.003541,-0.005570
0.105601,0.017593,0.536908,-0.020636,-0.004074,-0.004685
0.103633,0.017159,0.524745,-0.021636,-0.004126,-0.003852
0.102376,0.016257,0.518282,-0.022820,-0.003691,-0.003395
0.101870,0.014917,0.516715,-0.023924,-0.002967,-0.003413
0.102167,0.013097,0.518357,-0.024675,-0.002155,-0.003744
0.102785,0.010757,0.521038,-0.024815,-0.001340,-0.004221
0.103162,0.008163,0.523002,-0.024151,-0.000608,-0.004844
0.103367,0.006044,0.523892,-0.022729,-0.000131,-0.005614
0.103710,0.005142,0.524398,-0.020978,-0.000052,-0.006319
0.104156,0.005512,0.524928,-0.019485,-0.000375,-0.006638
0.103894,0.006326,0.524597,-0.018468,-0.001008,-0.006606
0.101696,0.006371,0.522043,-0.017247,-0.001848,-0.007049
0.097990,0.005188,0.517871,-0.014521,-0.002769,-0.009018
0.094889,0.003844,0.514467,-0.009952,-0.003805,-0.012460
0.093664,0.003640,0.513289,-0.004691,-0.005042,-0.016178
0.094402,0.004519,0.514315,0.000136,-0.006260,-0.019185
0.096919,0.005800,0.516871,0.004236,-0.007161,-0.021228
0.100659,0.007527,0.519969,0.007478,-0.007616,-0.022174
0.104802,0.010343,0.523045,0.009382,-0.007613,-0.021662
0.108668,0.014608,0.526182,0.009443,-0.007213,-0.019500
0.111746,0.019881,0.529336,0.007503,-0.006432,-0.015992
0.113595,0.025111,0.532025,0.003712,-0.005222,-0.011775
0.113919,0.029384,0.533711,-0.001582,-0.003750,-0.007505
0.112823,0.032260,0.534050,-0.007837,-0.002447,-0.003735
0.110830,0.033445,0.532948,-0.014333,-0.001616,-0.000922
0.108536,0.032715,0.530793,-0.020291,-0.001296,0.000599
0.106506,0.030099,0.528421,-0.025084,-0.001463,0.000787
0.105335,0.025915,0.526465,-0.028370,-0.001994,0.000011
0.105154,0.020650,0.524962,-0.030008,-0.002569,-0.001146
0.105335,0.015014,0.523566,-0.029915,-0.002926,-0.002290
0.105177,0.009925,0.521967,-0.028151,-0.003050,-0.003412
0.104469,0.006195,0.520268,-0.025084,-0.002994,-0.004685
0.103337,0.004219,0.518868,-0.021269,-0.002785,-0.006181
0.102118,0.003879,0.517997,-0.017228,-0.002521,-0.007781
0.101236,0.004904,0.517739,-0.013350,-0.002350,-0.009284
0.100727,0.007235,0.518057,-0.009935,-0.002485,-0.010609
0.100140,0.010482,0.518441,-0.007204,-0.003101,-0.011945
0.099357,0.013470,0.518203,-0.004935,-0.003992,-0.013760
0.099079,0.015305,0.517449,-0.002486,-0.004720,-0.016348
0.100277,0.016293,0.517334,0.000305,-0.005159,-0.019265
0.103231,0.017265,0.519100,0.002737,-0.005435,-0.021415
0.107328,0.019188,0.522299,0.003671,-0.005155,-0.021429
0.112353,0.022744,0.524959,0.002145,-0.003646,-0.018512
0.117802,0.027103,0.526290,-0.001803,-0.001380,-0.013590
0.121294,0.030670,0.527088,-0.007157,0.000278,-0.008505
0.120701,0.032667,0.527564,-0.012796,0.000559,-0.004364
0.116300,0.033050,0.527123,-0.017768,-0.000350,-0.001629
0.110062,0.032198,0.525827,-0.021351,-0.001773,-0.000522
0.104351,0.030777,0.524619,-0.023439,-0.003050,-0.000834
0.101043,0.029220,0.524368,-0.024550,-0.003695,-0.001953
0.100742,0.027464,0.525068,-0.025330,-0.003548,-0.003117
0.102546,0.025363,0.525932,-0.026125,-0.002949,-0.003703
0.104940,0.023050,0.526195,-0.026956,-0.002453,-0.003458
0.106829,0.020763,0.525556,-0.027709,-0.002332,-0.002526
0.107835,0.018654,0.524140,-0.028219,-0.002475,-0.001291
0.108036,0.016868,0.522417,-0.028283,-0.002652,-0.000206
0.107622,0.015557,0.520994,-0.027759,-0.002668,0.000366
0.106835,0.014798,0.520307,-0.026686,-0.002436,0.000319
0.105924,0.014628,0.520300,-0.025251,-0.002101,-0.000206
0.105126,0.015035,0.520557,-0.023696,-0.001995,-0.000956
0.104787,0.015857,0.520974,-0.022298,-0.002290,-0.001701
0.105103,0.016911,0.521805,-0.021298,-0.002791,-0.002310
0.105848,0.018143,0.523054,-0.020786,-0.003154,-0.002821
0.106607,0.019531,0.524414,-0.020698,-0.003160,-0.003367
0.107200,0.021050,0.525542,-0.020978,-0.002769,-0.003986
0.107686,0.022602,0.526163,-0.021660,-0.002049,-0.004527
0.108059,0.023867,0.526016,-0.022744,-0.001048,-0.004780
0.108249,0.024458,0.524820,-0.024054,0.000103,-0.004664
0.108191,0.024177,0.522779,-0.025251,0.000860,-0.004252
0.107857,0.023029,0.520799,-0.025946,0.000711,-0.003686
0.107406,0.021270,0.519731,-0.025918,-0.000141,-0.003167
0.107100,0.019419,0.519729,-0.025221,-0.001177,-0.002862
0.107024,0.017880,0.520344,-0.024073,-0.002143,-0.002811
0.107153,0.016736,0.521157,-0.022744,-0.002941,-0.002995
0.107628,0.015945,0.522001,-0.021535,-0.003446,-0.003355
0.108542,0.015484,0.522731,-0.020682,-0.003518,-0.003770
0.109588,0.015420,0.523286,-0.020206,-0.003103,-0.004132
0.110273,0.015902,0.523697,-0.019991,-0.002370,-0.004386
0.110320,0.016932,0.524017,-0.019942,-0.001613,-0.004555
0.109715,0.018246,0.524269,-0.020006,-0.001024,-0.004741
0.108652,0.019509,0.524301,-0.020148,-0.000688,-0.005051
0.107459,0.020559,0.524058,-0.020367,-0.000588,-0.005550
0.106494,0.021442,0.523924,-0.020710,-0.000562,-0.006254
0.106150,0.022214,0.524236,-0.021278,-0.000328,-0.007080
0.106610,0.022738,0.524753,-0.022099,0.000328,-0.007819
0.107486,0.022772,0.524986,-0.023051,0.001244,-0.008237
0.108134,0.022203,0.524696,-0.023980,0.001988,-0.008237
0.108344,0.021133,0.524100,-0.024771,0.002368,-0.007946
0.108348,0.019839,0.523584,-0.025305,0.002519,-0.007596
0.108306,0.018625,0.523177,-0.025437,0.002611,-0.007364
0.108136,0.017658,0.522649,-0.025036,0.002749,-0.007313
0.107601,0.017049,0.521949,-0.024069,0.002934,-0.007439
0.106659,0.016956,0.521419,-0.022736,0.003071,-0.007732
0.105772,0.017421,0.521590,-0.021468,0.003124,-0.008123
0.105448,0.018162,0.522599,-0.020674,0.003156,-0.008438
0.105645,0.018718,0.523957,-0.020488,0.003215,-0.008529
0.105948,0.018866,0.524967,-0.020765,0.003295,-0.008402
0.106054,0.018828,0.525231,-0.021270,0.003364,-0.008116
0.105746,0.018990,0.524746,-0.021821,0.003259,-0.007655
0.104844,0.019384,0.523759,-0.022278,0.002681,-0.006978
0.103757,0.019757,0.522769,-0.022485,0.001514,-0.006166
0.103420,0.020036,0.522392,-0.022363,0.000018,-0.005382
0.104276,0.020370,0.522887,-0.022049,-0.001336,-0.004683
0.105997,0.020862,0.524060,-0.021860,-0.002188,-0.003974
0.107924,0.021484,0.525521,-0.022068,-0.002464,-0.003097
0.109367,0.022152,0.526766,-0.022760,-0.002246,-0.001974
0.109914,0.022698,0.527279,-0.023840,-0.001596,-0.000717
0.109506,0.022761,0.526729,-0.025004,-0.000683,0.000397
0.108331,0.022025,0.525217,-0.025833,0.000160,0.001054
0.106862,0.020615,0.523359,-0.026091,0.000729,0.001006
0.105612,0.018985,0.521944,-0.025879,0.001056,0.000205
0.104835,0.017502,0.521346,-0.025455,0.001250,-0.001158
0.104453,0.016249,0.521223,-0.024936,0.001297,-0.002786
0.104325,0.015123,0.521085,-0.024238,0.000948,-0.004412
0.104623,0.014177,0.521013,-0.023279,0.000126,-0.005915
0.105454,0.013759,0.521410,-0.022181,-0.000745,-0.007293
0.106440,0.014319,0.522474,-0.021289,-0.001163,-0.008517
0.107187,0.015955,0.523967,-0.020990,-0.000939,-0.009513
-,-,-,-,-,-
0.001980,0.000400,0.009584,-0.000483,0.000072,-0.000186
0.011453,0.002299,0.055050,-0.002803,0.000412,-0.001061
0.031808,0.006333,0.152121,-0.007830,0.001148,-0.002892
0.058898,0.011633,0.281230,-0.014587,0.002174,-0.005258
0.084908,0.016778,0.406435,-0.021115,0.003263,-0.007537
0.104135,0.020903,0.501380,-0.025980,0.004205,-0.009354
0.114685,0.023635,0.556391,-0.028833,0.004950,-0.010553
0.117539,0.024778,0.575352,-0.030077,0.005516,-0.011143
0.115078,0.024326,0.569504,-0.030246,0.005841,-0.011305
0.110161,0.022515,0.551775,-0.029721,0.005897,-0.011374
0.105287,0.019729,0.532706,-0.028729,0.005727,-0.011613
0.101854,0.016469,0.518434,-0.027315,0.005352,-0.012048
0.100197,0.013418,0.510831,-0.025409,0.004848,-0.012570
0.100217,0.011302,0.509218,-0.023103,0.004412,-0.013039
0.101690,0.010617,0.511988,-0.020780,0.004264,-0.013264
0.104137,0.011483,0.517118,-0.018934,0.004494,-0.013036
0.106669,0.013540,0.522415,-0.017881,0.004969,-0.012247
0.108183,0.016037,0.526078,-0.017604,0.005425,-0.011008
0.107915,0.018304,0.527236,-0.017768,0.005675,-0.009693
0.105984,0.020014,0.526203,-0.017933,0.005676,-0.008781
0.103365,0.021023,0.524157,-0.017807,0.005401,-0.008586
0.101072,0.021415,0.522336,-0.017346,0.004759,-0.009082
0.099639,0.021598,0.521446,-0.016784,0.003626,-0.009931
0.099317,0.021908,0.521755,-0.016502,0.001914,-0.010733
0.100150,0.022368,0.523176,-0.016811,-0.000294,-0.011246
0.102083,0.022804,0.525012,-0.017941,-0.002586,-0.011359
0.104909,0.022705,0.526331,-0.019921,-0.004226,-0.011037
0.107784,0.021692,0.526630,-0.022364,-0.004525,-0.010385
0.109449,0.020199,0.525977,-0.024730,-0.003500,-0.009581
0.109362,0.018812,0.524815,-0.026708,-0.001937,-0.008725
0.107980,0.017592,0.523517,-0.028116,-0.000655,-0.007850
0.105994,0.016481,0.522256,-0.028730,0.000042,-0.007089
0.104120,0.015665,0.521364,-0.028482,0.000253,-0.006655
0.102970,0.015236,0.521126,-0.027592,0.000202,-0.006628
0.102545,0.014996,0.521339,-0.026338,0.000043,-0.006900
0.102581,0.014866,0.521603,-0.024873,-0.000197,-0.007324
0.102905,0.014967,0.521837,-0.023289,-0.000529,-0.007820
0.103334,0.015364,0.522237,-0.021756,-0.000914,-0.008358
0.103901,0.016060,0.522989,-0.020529,-0.001176,-0.008868
0.104747,0.017029,0.524153,-0.019906,-0.001121,-0.009175
0.105798,0.018218,0.525539,-0.020140,-0.000700,-0.009097
0.106782,0.019438,0.526699,-0.021250,0.000088,-0.008643
0.107302,0.020191,0.527168,-0.022864,0.001149,-0.007970
0.106889,0.019948,0.526513,-0.024230,0.002092,-0.007273
0.105352,0.018790,0.524728,-0.024633,0.002478,-0.006796
0.103223,0.017490,0.522710,-0.023961,0.002190,-0.006711
0.101523,0.016760,0.521546,-0.022746,0.001435,-0.006927
0.101060,0.016750,0.521588,-0.021650,0.000634,-0.007239
0.101979,0.017229,0.522591,-0.021080,0.000272,-0.007519
0.103836,0.017918,0.524171,-0.021223,0.000652,-0.007692
0.105957,0.018649,0.525849,-0.022131,0.001806,-0.007668
0.107534,0.019100,0.526791,-0.023583,0.003508,-0.007368
0.107495,0.018671,0.525986,-0.024924,0.005045,-0.006789
0.105193,0.017336,0.523253,-0.025232,0.005324,-0.006170
0.101654,0.015900,0.519913,-0.023939,0.003829,-0.006008
0.099105,0.015083,0.518025,-0.021382,0.001102,-0.006592
0.099064,0.015022,0.518660,-0.018624,-0.001815,-0.007622
0.101333,0.015560,0.521255,-0.016671,-0.003937,-0.008547
0.104360,0.016656,0.524567,-0.015962,-0.004720,-0.009005
0.106565,0.018390,0.527268,-0.016479,-0.004223,-0.008875
0.107312,0.020508,0.528358,-0.017949,-0.002922,-0.008270
0.106830,0.022425,0.527841,-0.019918,-0.001372,-0.007522
0.105816,0.023659,0.526506,-0.021929,0.000082,-0.006976
0.104724,0.023952,0.525070,-0.023558,0.001261,-0.006794
0.103463,0.023459,0.523784,-0.024431,0.001968,-0.006958
0.102105,0.022748,0.522716,-0.024537,0.002116,-0.007339
0.101177,0.022197,0.522103,-0.024313,0.001871,-0.007689
0.101153,0.021710,0.522193,-0.024269,0.001457,-0.007671
0.102034,0.020916,0.522844,-0.024590,0.001033,-0.007083
0.103415,0.019663,0.523576,-0.025066,0.000758,-0.005995
0.104812,0.018304,0.524017,-0.025387,0.000784,-0.004578
0.105793,0.017198,0.524038,-0.025414,0.001091,-0.002929
0.106010,0.016408,0.523589,-0.025142,0.001420,-0.001143
0.105426,0.015975,0.522824,-0.024562,0.001486,0.000508
0.104463,0.015953,0.522252,-0.023672,0.001298,0.001638
0.103602,0.016365,0.522413,-0.022617,0.001088,0.002003
0.103058,0.017184,0.523465,-0.021706,0.001031,0.001569
0.102889,0.018263,0.525052,-0.021255,0.001200,0.000476
0.103007,0.019328,0.526531,-0.021369,0.001599,-0.001048
0.103292,0.020047,0.527405,-0.021895,0.002129,-0.002774
0.103768,0.020217,0.527573,-0.022603,0.002660,-0.004494
0.104509,0.019842,0.527177,-0.023329,0.003124,-0.006007
0.105410,0.019036,0.526257,-0.023950,0.003546,-0.007162
0.105941,0.018020,0.524751,-0.024344,0.003972,-0.007905
0.105402,0.017132,0.522813,-0.024366,0.004343,-0.008357
0.103723,0.016598,0.520959,-0.023913,0.004544,-0.008794
0.101778,0.016502,0.519931,-0.023067,0.004554,-0.009421
0.100692,0.016909,0.520213,-0.022134,0.004443,-0.010185
0.100973,0.017722,0.521629,-0.021482,0.004323,-0.010849
0.102328,0.018745,0.523522,-0.021377,0.004206,-0.011126
0.104048,0.019744,0.525141,-0.021925,0.003943,-0.010798
0.105435,0.020388,0.526056,-0.023017,0.003488,-0.009884
0.105923,0.020529,0.526293,-0.024331,0.002979,-0.008654
0.105266,0.020336,0.526074,-0.025460,0.002399,-0.007457
0.103798,0.020049,0.525616,-0.026167,0.001572,-0.006571
0.102102,0.019755,0.524942,-0.026466,0.000507,-0.006096
0.100291,0.019369,0.523933,-0.026468,-0.000692,-0.005996
0.097873,0.018693,0.522694,-0.026166,-0.002228,-0.006309
0.094902,0.017567,0.521560,-0.025309,-0.004385,-0.007062
0.092726,0.016330,0.521006,-0.023643,-0.006979,-0.008091
0.092794,0.015670,0.521498,-0.021347,-0.009482,-0.009114
0.095433,0.015746,0.522935,-0.018975,-0.011308,-0.009848
0.099796,0.016599,0.524697,-0.017058,-0.011819,-0.009997
0.104764,0.018722,0.526459,-0.015905,-0.010606,-0.009174
0.109535,0.021823,0.528327,-0.015711,-0.008012,-0.007316
0.112992,0.024472,0.530178,-0.016577,-0.004965,-0.005054
0.113997,0.025591,0.531341,-0.018368,-0.002350,-0.003170
0.112443,0.025169,0.531052,-0.020633,-0.000690,-0.002024
0.109076,0.023937,0.529115,-0.022708,-0.000054,-0.001672
0.105173,0.022737,0.526257,-0.024120,-0.000188,-0.002046
0.102298,0.021871,0.523866,-0.024899,-0.000695,-0.002949
0.101300,0.020991,0.522878,-0.025353,-0.001184,-0.004080
0.101831,0.019757,0.523041,-0.025736,-0.001416,-0.005121
0.103176,0.018371,0.523636,-0.026187,-0.001209,-0.005796
0.104793,0.017226,0.524239,-0.026733,-0.000420,-0.005926
0.106073,0.016465,0.524622,-0.027279,0.000926,-0.005671
0.106454,0.015987,0.524546,-0.027659,0.002617,-0.005504
0.105868,0.015627,0.523974,-0.027750,0.004214,-0.005747
0.104881,0.015325,0.523289,-0.027557,0.005232,-0.006330
0.104338,0.015205,0.523073,-0.027195,0.005632,-0.006992
0.104668,0.015506,0.523633,-0.026823,0.005856,-0.007522
0.105392,0.016240,0.524618,-0.026561,0.006321,-0.007791
0.105382,0.017071,0.525114,-0.026320,0.007050,-0.007782
0.103978,0.017709,0.524596,-0.025825,0.007686,-0.007713
0.101873,0.018115,0.523573,-0.024882,0.007919,-0.007931
0.100481,0.018432,0.522859,-0.023643,0.007803,-0.008570
0.100589,0.018861,0.522888,-0.022552,0.007647,-0.009400
0.101789,0.019494,0.523766,-0.022065,0.007762,-0.010059
-,-,-,-,-,-
0.001781,0.000300,0.009407,-0.000490,0.000147,-0.000139
0.010286,0.001706,0.054216,-0.002793,0.000812,-0.000823
0.028608,0.004583,0.150294,-0.007631,0.002170,-0.002366
0.053250,0.008138,0.278580,-0.013893,0.003884,-0.004549
0.077414,0.011353,0.403299,-0.019657,0.005318,-0.006752
0.095831,0.013833,0.497879,-0.023575,0.005910,-0.008389
0.106384,0.015619,0.552554,-0.025270,0.005542,-0.009214
0.109847,0.016854,0.571538,-0.025183,0.004525,-0.009269
0.108599,0.017579,0.566393,-0.024106,0.003259,-0.008716
0.105280,0.017801,0.549862,-0.022695,0.001979,-0.007852
0.101942,0.017678,0.532177,-0.021331,0.000761,-0.007079
0.099638,0.017512,0.519608,-0.020239,-0.000259,-0.006680
0.098562,0.017627,0.514116,-0.019580,-0.000926,-0.006656
0.098552,0.018022,0.514238,-0.019443,-0.001291,-0.006782
0.099342,0.018347,0.517215,-0.019762,-0.001496,-0.006881
0.100524,0.018409,0.520830,-0.020340,-0.001506,-0.006950
0.101600,0.018232,0.524012,-0.020982,-0.001179,-0.007062
0.102217,0.017863,0.526279,-0.021510,-0.000490,-0.007276
0.102229,0.017478,0.527121,-0.021723,0.000395,-0.007594
0.101751,0.017314,0.526495,-0.021509,0.001145,-0.007937
0.101274,0.017433,0.525193,-0.020993,0.001530,-0.008190
0.101177,0.017747,0.524071,-0.020473,0.001546,-0.008228
0.101242,0.018121,0.523561,-0.020206,0.001254,-0.008001
0.101160,0.018397,0.523764,-0.020307,0.000719,-0.007591
0.100971,0.018498,0.524491,-0.020838,-0.000009,-0.007090
0.100770,0.018372,0.525212,-0.021841,-0.000791,-0.006516
0.100531,0.017830,0.525321,-0.023163,-0.001324,-0.005924
0.100199,0.016766,0.524803,-0.024376,-0.001392,-0.005468
0.099700,0.015546,0.524219,-0.025054,-0.001086,-0.005266
0.098947,0.014705,0.523807,-0.025016,-0.000676,-0.005243
0.097912,0.014383,0.523263,-0.024283,-0.000437,-0.005159
0.096914,0.014517,0.522509,-0.022958,-0.000578,-0.004843
0.096534,0.015144,0.521979,-0.021245,-0.001143,-0.004268
0.096976,0.016214,0.522036,-0.019438,-0.001996,-0.003454
0.098040,0.017474,0.522581,-0.017854,-0.002896,-0.002470
0.099540,0.018699,0.523465,-0.016853,-0.003543,-0.001439
0.101356,0.019755,0.524752,-0.016797,-0.003705,-0.000430
0.103144,0.020382,0.526225,-0.017811,-0.003345,0.000495
0.104347,0.020364,0.527358,-0.019648,-0.002701,0.001187
0.104671,0.019717,0.527858,-0.021840,-0.002206,0.001522
0.104273,0.018487,0.527647,-0.023926,-0.002161,0.001517
0.103561,0.016755,0.526768,-0.025571,-0.002470,0.001201
0.102835,0.014823,0.525509,-0.026530,-0.002734,0.000537
0.101911,0.013018,0.524007,-0.026561,-0.002712,-0.000468
0.100497,0.011551,0.522069,-0.025467,-0.002638,-0.001770
0.098984,0.010758,0.519966,-0.023318,-0.002910,-0.003383
0.098384,0.010988,0.518789,-0.020612,-0.003521,-0.005273
0.099415,0.012236,0.519474,-0.018145,-0.003985,-0.007227
0.101725,0.014187,0.521817,-0.016663,-0.003788,-0.008870
0.103998,0.016397,0.524607,-0.016502,-0.002926,-0.009798
0.105044,0.018452,0.526464,-0.017416,-0.001944,-0.009817
0.104731,0.020080,0.526713,-0.018792,-0.001402,-0.009140
0.103859,0.021093,0.525869,-0.020045,-0.001363,-0.008255
0.103381,0.021381,0.525191,-0.020892,-0.001388,-0.007604
0.103562,0.021103,0.525499,-0.021410,-0.000949,-0.007368
0.103983,0.020693,0.526582,-0.021938,0.000162,-0.007469
0.104245,0.020444,0.527680,-0.022889,0.001809,-0.007706
0.104207,0.020257,0.528239,-0.024466,0.003651,-0.007848
0.103705,0.019804,0.528096,-0.026450,0.005265,-0.007756
0.102517,0.018805,0.527158,-0.028240,0.006351,-0.007524
0.100780,0.017316,0.525436,-0.029193,0.006877,-0.007413
0.098987,0.015762,0.523411,-0.028980,0.006961,-0.007615
0.097525,0.014665,0.521657,-0.027706,0.006643,-0.008107
0.096659,0.014333,0.520273,-0.025802,0.005872,-0.008696
0.096492,0.014660,0.519310,-0.023689,0.004658,-0.009168
0.096957,0.015252,0.519061,-0.021592,0.003141,-0.009421
0.098133,0.015903,0.519781,-0.019741,0.001657,-0.009466
0.099938,0.016804,0.521454,-0.018523,0.000548,-0.009272
0.101833,0.018110,0.523580,-0.018259,-0.000187,-0.008723
0.103194,0.019542,0.525391,-0.018922,-0.000743,-0.007767
0.103612,0.020620,0.526317,-0.020156,-0.001241,-0.006558
0.103122,0.021065,0.526405,-0.021487,-0.001688,-0.005483
0.102185,0.020935,0.526254,-0.022581,-0.001980,-0.004915
0.101292,0.020376,0.526282,-0.023398,-0.002056,-0.004935
0.100764,0.019457,0.526391,-0.024062,-0.001943,-0.005356
0.100489,0.018239,0.526172,-0.024581,-0.001689,-0.005884
0.099966,0.016718,0.525301,-0.024761,-0.001449,-0.006273
0.099069,0.015027,0.524026,-0.024387,-0.001405,-0.006497
0.098171,0.013676,0.522874,-0.023441,-0.001700,-0.006652
0.097587,0.013083,0.521961,-0.022062,-0.002423,-0.006802
0.097550,0.013276,0.521266,-0.020445,-0.003453,-0.007001
0.098227,0.014235,0.521222,-0.018909,-0.004461,-0.007272
0.099463,0.015923,0.522292,-0.017889,-0.005082,-0.007542
0.101002,0.017942,0.524210,-0.017705,-0.005047,-0.007717
0.102647,0.019753,0.526176,-0.018324,-0.004285,-0.007789
0.103988,0.021085,0.527491,-0.019436,-0.002900,-0.007813
0.104679,0.021856,0.527844,-0.020702,-0.001114,-0.007845
0.104824,0.022134,0.527391,-0.021936,0.000775,-0.007969
0.104767,0.022198,0.526587,-0.023133,0.002537,-0.008256
0.104631,0.022140,0.525854,-0.024316,0.004102,-0.008597
0.103890,0.021546,0.525105,-0.025301,0.005362,-0.008771
0.102069,0.020103,0.524000,-0.025699,0.006022,-0.008772
0.099786,0.018317,0.522950,-0.025275,0.005822,-0.008835
0.098348,0.016979,0.522807,-0.024302,0.004723,-0.009002
0.098605,0.016248,0.523659,-0.023385,0.003012,-0.009010
0.100114,0.015860,0.524853,-0.023007,0.001141,-0.008576
0.101523,0.015839,0.525991,-0.023510,-0.000912,-0.007465
0.101926,0.016246,0.526913,-0.025107,-0.003632,-0.005563
0.101498,0.016550,0.527087,-0.027339,-0.006748,-0.003332
0.100917,0.016136,0.526088,-0.028952,-0.008730,-0.001746
0.100385,0.015142,0.523970,-0.028815,-0.008583,-0.001386
0.099546,0.014312,0.521077,-0.026636,-0.007124,-0.002145
0.098549,0.014354,0.518431,-0.022997,-0.005516,-0.003731
0.098447,0.015513,0.517550,-0.019101,-0.004059,-0.005767
0.100099,0.017411,0.519146,-0.016196,-0.002665,-0.007709
0.103076,0.019326,0.522565,-0.015000,-0.001352,-0.009019
0.106072,0.020793,0.526435,-0.015621,-0.000381,-0.009310
0.108009,0.021791,0.529341,-0.017732,0.000030,-0.008563
0.108395,0.022300,0.530353,-0.020700,0.000062,-0.007199
0.107391,0.021940,0.529486,-0.023694,0.000084,-0.005831
0.105724,0.020431,0.527416,-0.025842,0.000292,-0.005000
0.104029,0.018193,0.524974,-0.026579,0.000632,-0.004976
0.102442,0.016004,0.522987,-0.025912,0.000876,-0.005641
0.100980,0.014365,0.521841,-0.024314,0.000733,-0.006586
0.100102,0.013446,0.521569,-0.022418,0.000089,-0.007361
0.100439,0.013262,0.522390,-0.020743,-0.000744,-0.007715
0.101901,0.013867,0.524308,-0.019618,-0.001270,-0.007625
0.103548,0.015313,0.526610,-0.019221,-0.001224,-0.007189
0.104271,0.017249,0.528158,-0.019565,-0.000691,-0.006549
0.103532,0.018994,0.528201,-0.020447,0.000029,-0.005932
0.101601,0.020122,0.527035,-0.021485,0.000647,-0.005660
0.099380,0.020684,0.525678,-0.022312,0.001049,-0.005949
0.098023,0.020905,0.524989,-0.022792,0.001380,-0.006713
0.098094,0.020885,0.525175,-0.023033,0.001857,-0.007549
0.099028,0.020621,0.525838,-0.023243,0.002345,-0.007934
0.099897,0.020099,0.526389,-0.023572,0.002387,-0.007495
0.100479,0.019229,0.526508,-0.024013,0.001766,-0.006219
0.100994,0.017948,0.526133,-0.024351,0.000737,-0.004395
-,-,-,-,-,-
0.001785,0.000205,0.009365,-0.000331,-0.000104,0.000039
0.010285,0.001250,0.054040,-0.001895,-0.000648,0.000240
0.028599,0.003709,0.150112,-0.005238,-0.001894,0.000701
0.053362,0.007386,0.278966,-0.009767,-0.003544,0.001350
0.077993,0.011406,0.404812,-0.014346,-0.004878,0.001986
0.097316,0.014862,0.500395,-0.018008,-0.005351,0.002367
0.108952,0.017293,0.555366,-0.020263,-0.004914,0.002251
0.113219,0.018732,0.573990,-0.021217,-0.003849,0.001491
0.112221,0.019454,0.568304,-0.021369,-0.002523,0.000143
0.108519,0.019729,0.551560,-0.021228,-0.001316,-0.001544
0.104346,0.019670,0.534131,-0.021066,-0.000574,-0.003284
0.101281,0.019289,0.521850,-0.020968,-0.000463,-0.004859
0.099946,0.018846,0.516174,-0.020966,-0.000847,-0.006130
0.099968,0.018719,0.515644,-0.021102,-0.001381,-0.007027
0.100554,0.018902,0.517792,-0.021437,-0.001758,-0.007560
0.101234,0.019117,0.520653,-0.021984,-0.001856,-0.007812
0.102042,0.019159,0.523243,-0.022642,-0.001662,-0.007939
0.103050,0.018935,0.525154,-0.023272,-0.001148,-0.008076
0.103951,0.018480,0.526141,-0.023793,-0.000355,-0.008203
0.104345,0.017945,0.526137,-0.024174,0.000508,-0.008191
0.104172,0.017483,0.525497,-0.024396,0.001123,-0.007956
0.103707,0.017151,0.524810,-0.024424,0.001232,-0.007536
0.103271,0.017000,0.524480,-0.024242,0.000921,-0.007080
0.102914,0.017177,0.524581,-0.023921,0.000561,-0.006738
0.102339,0.017663,0.524813,-0.023534,0.000356,-0.006575
0.101311,0.018261,0.524694,-0.023026,0.000181,-0.006617
0.100073,0.018845,0.524119,-0.022359,-0.000132,-0.006888
0.099203,0.019329,0.523489,-0.021728,-0.000562,-0.007338
0.099192,0.019631,0.523263,-0.021466,-0.000913,-0.007829
0.099984,0.019651,0.523538,-0.021731,-0.000971,-0.008181
0.100885,0.019299,0.523941,-0.022388,-0.000769,-0.008236
0.101318,0.018586,0.524054,-0.023181,-0.000601,-0.007978
0.101292,0.017619,0.523865,-0.023880,-0.000706,-0.007552
0.101113,0.016656,0.523680,-0.024278,-0.001157,-0.007095
0.101175,0.016045,0.523844,-0.024218,-0.001827,-0.006672
0.101621,0.015969,0.524367,-0.023702,-0.002373,-0.006335
0.102074,0.016416,0.524764,-0.022912,-0.002602,-0.006112
0.102149,0.017272,0.524593,-0.022090,-0.002700,-0.006002
0.102017,0.018266,0.523985,-0.021420,-0.002818,-0.006028
0.102063,0.018986,0.523393,-0.020981,-0.002838,-0.006189
0.102358,0.019155,0.523151,-0.020774,-0.002642,-0.006390
0.102762,0.018928,0.523451,-0.020799,-0.002303,-0.006524
0.103172,0.018750,0.524343,-0.021117,-0.002017,-0.006525
0.103528,0.018756,0.525505,-0.021802,-0.001925,-0.006332
0.103742,0.018596,0.526394,-0.022791,-0.002002,-0.005930
0.103738,0.018049,0.526613,-0.023849,-0.002109,-0.005413
0.103468,0.017359,0.526022,-0.024721,-0.002099,-0.004904
0.102885,0.016807,0.524823,-0.025267,-0.001939,-0.004456
0.102128,0.016336,0.523487,-0.025425,-0.001739,-0.004111
0.101610,0.015725,0.522359,-0.025109,-0.001594,-0.003971
0.101665,0.015012,0.521570,-0.024309,-0.001480,-0.004076
0.102248,0.014548,0.521284,-0.023175,-0.001375,-0.004309
0.103019,0.014584,0.521650,-0.021922,-0.001446,-0.004537
0.103784,0.015126,0.522597,-0.020783,-0.001857,-0.004715
0.104662,0.016024,0.523804,-0.020008,-0.002438,-0.004807
0.105535,0.016945,0.524804,-0.019744,-0.002838,-0.004761
0.105921,0.017544,0.525270,-0.019902,-0.002853,-0.004614
0.105704,0.017731,0.525261,-0.020266,-0.002525,-0.004436
0.105222,0.017684,0.524936,-0.020728,-0.002036,-0.004180
0.104619,0.017604,0.524368,-0.021260,-0.001571,-0.003787
0.103951,0.017518,0.523737,-0.021761,-0.001242,-0.003356
0.103561,0.017469,0.523479,-0.022113,-0.001057,-0.003111
0.103732,0.017604,0.524080,-0.022332,-0.000867,-0.003202
0.104236,0.017966,0.525440,-0.022572,-0.000504,-0.003543
0.104361,0.018389,0.526653,-0.022984,-0.000113,-0.003860
0.103703,0.018543,0.526819,-0.023565,-0.000106,-0.003941
0.102777,0.018264,0.526049,-0.024202,-0.000725,-0.003776
0.102363,0.017787,0.525268,-0.024818,-0.001787,-0.003423
0.102583,0.017260,0.524929,-0.025361,-0.002876,-0.002912
0.102869,0.016462,0.524474,-0.025652,-0.003779,-0.002320
0.102793,0.015403,0.523356,-0.025415,-0.004532,-0.001859
0.102600,0.014542,0.522051,-0.024612,-0.005093,-0.001762
0.102795,0.014311,0.521586,-0.023602,-0.005321,-0.002065
0.103509,0.014775,0.522317,-0.022852,-0.005147,-0.002549
0.104357,0.015701,0.523612,-0.022620,-0.004690,-0.002936
0.104854,0.016908,0.524636,-0.022944,-0.004250,-0.003099
0.104541,0.018371,0.525328,-0.023954,-0.004541,-0.002846
0.103352,0.019807,0.526057,-0.026101,-0.007068,-0.001599
0.102453,0.020289,0.526227,-0.029387,-0.012207,0.000779
0.102889,0.019042,0.525009,-0.032419,-0.017126,0.003068
0.104061,0.016630,0.523076,-0.033511,-0.018718,0.003870
0.105097,0.014334,0.521662,-0.032357,-0.016813,0.003034
0.105664,0.012907,0.520961,-0.029759,-0.012936,0.001210
0.105580,0.012405,0.520599,-0.026563,-0.008625,-0.000980
0.105203,0.012574,0.520676,-0.023319,-0.004913,-0.003146
0.105299,0.013215,0.521629,-0.020491,-0.002155,-0.005010
0.106155,0.014241,0.523491,-0.018602,-0.000352,-0.006213
0.107185,0.015398,0.525611,-0.017989,0.000635,-0.006460
0.107477,0.016252,0.527023,-0.018489,0.001060,-0.005867
0.106689,0.016658,0.527177,-0.019553,0.001137,-0.004929
0.105268,0.016809,0.526296,-0.020625,0.000959,-0.004158
0.103960,0.016783,0.524969,-0.021304,0.000538,-0.003788
0.103274,0.016611,0.523657,-0.021386,-0.000162,-0.003748
0.103464,0.016654,0.522820,-0.020981,-0.001056,-0.003771
0.104586,0.017159,0.522966,-0.020522,-0.001856,-0.003505
0.106200,0.017756,0.524001,-0.020450,-0.002300,-0.002679
0.107421,0.017908,0.525128,-0.020863,-0.002380,-0.001261
0.107593,0.017440,0.525643,-0.021491,-0.002357,0.000527
0.106778,0.016434,0.525362,-0.021921,-0.002469,0.002340
0.105378,0.015078,0.524352,-0.021807,-0.002751,0.003829
0.103708,0.013794,0.522761,-0.020942,-0.003232,0.004654
0.102210,0.013111,0.521074,-0.019390,-0.003885,0.004525
0.101541,0.013157,0.520137,-0.017601,-0.004482,0.003386
0.102199,0.013690,0.520549,-0.016198,-0.004712,0.001500
0.104143,0.014522,0.522135,-0.015622,-0.004268,-0.000686
0.106665,0.015522,0.524122,-0.015984,-0.003111,-0.002694
0.108767,0.016485,0.525706,-0.017171,-0.001759,-0.004113
0.109822,0.017203,0.526336,-0.018910,-0.000926,-0.004745
0.109794,0.017688,0.525894,-0.020813,-0.000878,-0.004754
0.108899,0.018084,0.524914,-0.022494,-0.001353,-0.004547
0.107429,0.018262,0.524206,-0.023675,-0.002041,-0.004470
0.105975,0.017974,0.524089,-0.024250,-0.002838,-0.004645
0.105229,0.017288,0.524236,-0.024291,-0.003585,-0.004964
0.105269,0.016496,0.524126,-0.023933,-0.003976,-0.005214
0.105513,0.015773,0.523584,-0.023254,-0.003906,-0.005327
0.105635,0.015227,0.523006,-0.022292,-0.003559,-0.005450
0.105986,0.015124,0.522921,-0.021209,-0.003206,-0.005693
0.106867,0.015675,0.523482,-0.020377,-0.003048,-0.005967
0.107848,0.016750,0.524358,-0.020202,-0.003151,-0.006035
0.108095,0.017983,0.524949,-0.020791,-0.003565,-0.005745
0.107381,0.019006,0.525007,-0.021859,-0.004282,-0.005256
0.106393,0.019601,0.524857,-0.022993,-0.004997,-0.004920
0.105909,0.019666,0.524862,-0.023902,-0.005254,-0.004917
0.106073,0.019197,0.524946,-0.024492,-0.004798,-0.005092
0.106321,0.018269,0.524564,-0.024733,-0.003841,-0.005110
0.105999,0.016882,0.523287,-0.024461,-0.003010,-0.004806
0.105217,0.015116,0.521505,-0.023452,-0.002736,-0.004366
0.104592,0.013357,0.520139,-0.021717,-0.002930,-0.004112
-,-,-,-,-,-
0.001960,0.000409,0.009471,-0.000298,-0.000057,-0.000104
0.011292,0.002328,0.054662,-0.001764,-0.000386,-0.000567
0.031283,0.006349,0.151682,-0.005104,-0.001221,-0.001425
0.057907,0.011510,0.281136,-0.010010,-0.002458,-0.002280
0.083635,0.016188,0.406370,-0.015404,-0.003638,-0.002737
0.102961,0.019234,0.500324,-0.020061,-0.004311,-0.002824
0.114073,0.020400,0.553780,-0.023167,-0.004247,-0.002866
0.118091,0.020348,0.571925,-0.024652,-0.003468,-0.003103
0.117481,0.019898,0.566750,-0.025019,-0.002310,-0.003478
0.114658,0.019243,0.550756,-0.024848,-0.001346,-0.003775
0.111451,0.018149,0.533585,-0.024483,-0.000997,-0.003882
0.109146,0.016618,0.520809,-0.024082,-0.001177,-0.003876
0.108262,0.015058,0.514197,-0.023740,-0.001384,-0.003905
0.108440,0.013979,0.512938,-0.023506,-0.001139,-0.004107
0.108959,0.013589,0.515083,-0.023405,-0.000332,-0.004496
0.109085,0.013665,0.518356,-0.023396,0.000661,-0.004859
0.108176,0.013870,0.520807,-0.023211,0.001195,-0.005012
0.106314,0.014025,0.521802,-0.022475,0.000946,-0.005107
0.104546,0.014204,0.522189,-0.021130,0.000143,-0.005403
0.104034,0.014775,0.523084,-0.019633,-0.000762,-0.005858
0.105137,0.016117,0.524655,-0.018695,-0.001346,-0.006175
0.107123,0.018199,0.526276,-0.018858,-0.001367,-0.006105
0.108877,0.020488,0.527307,-0.020260,-0.000833,-0.005602
0.109790,0.022169,0.527340,-0.022577,0.000092,-0.004812
0.109721,0.022671,0.526356,-0.025106,0.001056,-0.003970
0.108785,0.021987,0.524777,-0.027124,0.001488,-0.003284
0.107457,0.020480,0.523081,-0.028154,0.000955,-0.002894
0.106305,0.018614,0.521553,-0.028012,-0.000525,-0.002851
0.105730,0.016736,0.520363,-0.026889,-0.002521,-0.003059
0.105964,0.014923,0.519564,-0.025295,-0.004405,-0.003303
0.106903,0.013048,0.519200,-0.023752,-0.005699,-0.003364
0.108141,0.011150,0.519411,-0.022497,-0.006226,-0.003182
0.109313,0.009714,0.520257,-0.021478,-0.005987,-0.002918
0.110279,0.009334,0.521583,-0.020636,-0.005079,-0.002818
0.111116,0.010274,0.523080,-0.020038,-0.003685,-0.003033
0.111700,0.012235,0.524375,-0.019732,-0.002114,-0.003453
0.111303,0.014493,0.524947,-0.019542,-0.001018,-0.003731
0.109576,0.016483,0.524370,-0.019102,-0.001174,-0.003705
0.107415,0.018034,0.523118,-0.018233,-0.002626,-0.003616
0.106175,0.019112,0.522458,-0.017242,-0.004525,-0.003749
0.106722,0.019807,0.523290,-0.016688,-0.005843,-0.004107
0.108801,0.020454,0.525485,-0.016980,-0.005929,-0.004495
0.111111,0.021195,0.528112,-0.018251,-0.004793,-0.004681
0.112530,0.021563,0.529957,-0.020346,-0.002876,-0.004551
0.112832,0.021030,0.530189,-0.022807,-0.000608,-0.004190
0.112266,0.019677,0.528868,-0.025036,0.001623,-0.003811
0.111171,0.018128,0.526888,-0.026580,0.003415,-0.003611
0.109773,0.016883,0.525168,-0.027301,0.004423,-0.003616
0.108019,0.015915,0.523748,-0.027243,0.004432,-0.003637
0.105966,0.015136,0.522339,-0.026513,0.003430,-0.003511
0.104179,0.014710,0.521316,-0.025347,0.001708,-0.003316
0.103364,0.014649,0.521250,-0.024074,-0.000158,-0.003271
0.103885,0.014735,0.522137,-0.022944,-0.001555,-0.003539
