-,-,-,-,-,-
-0.000800,0.000219,0.009677,-0.000282,-0.000024,0.000061
-0.004759,0.001333,0.055616,-0.001711,-0.000096,0.000401
-0.013396,0.003919,0.153427,-0.004901,-0.000014,0.001257
-0.024725,0.007955,0.282635,-0.009349,0.000592,0.002521
-0.035284,0.013070,0.407070,-0.014022,0.001659,0.003748
-0.043241,0.018135,0.501605,-0.017874,0.002547,0.004543
-0.048537,0.021710,0.557615,-0.020043,0.002711,0.004718
-0.051525,0.023702,0.578723,-0.020438,0.002133,0.004470
-0.052142,0.024777,0.575048,-0.019679,0.001177,0.004233
-0.050538,0.025270,0.558573,-0.018551,0.000355,0.004132
-0.047754,0.025628,0.539715,-0.017702,-0.000104,0.004013
-0.044962,0.026057,0.524992,-0.017306,-0.000410,0.003704
-0.042968,0.026077,0.516739,-0.016983,-0.000776,0.003110
-0.042282,0.025465,0.514267,-0.016295,-0.001116,0.002517
-0.042596,0.024710,0.515135,-0.015153,-0.001319,0.002439
-0.043273,0.024178,0.516747,-0.013825,-0.001525,0.003050
-0.044112,0.023768,0.517669,-0.012734,-0.001872,0.004158
-0.044606,0.023575,0.517805,-0.012094,-0.002347,0.005396
-0.044189,0.023985,0.518000,-0.011800,-0.002897,0.006314
-0.043213,0.025200,0.519153,-0.011722,-0.003354,0.006624
-0.042236,0.027294,0.521319,-0.011941,-0.003557,0.006384
-0.041429,0.029832,0.523782,-0.012646,-0.003549,0.005975
-0.040647,0.031798,0.525670,-0.013931,-0.003438,0.005879
-0.039865,0.032273,0.526540,-0.015746,-0.003293,0.006243
-0.039792,0.030567,0.526782,-0.017882,-0.003157,0.006742
-0.040548,0.027353,0.527079,-0.020004,-0.003133,0.007034
-0.041021,0.024845,0.527475,-0.021786,-0.003653,0.006987
-0.040589,0.024243,0.527458,-0.023062,-0.005216,0.006451
-0.039613,0.024848,0.526821,-0.023845,-0.007544,0.005326
-0.038767,0.025644,0.525970,-0.024251,-0.009499,0.003766
-0.038553,0.026259,0.525398,-0.024451,-0.009962,0.002084
-0.038936,0.026676,0.525362,-0.024540,-0.008735,0.000544
-0.039657,0.026795,0.525963,-0.024408,-0.006632,-0.000726
-0.040856,0.026407,0.527128,-0.023928,-0.004524,-0.001584
-0.042920,0.025372,0.528454,-0.023171,-0.002418,-0.001715
-0.045802,0.023791,0.529380,-0.022338,0.000150,-0.001020
-0.048738,0.022031,0.529726,-0.021457,0.002991,-0.000013
-0.050736,0.020538,0.529665,-0.020406,0.005162,0.000568
-0.051399,0.019498,0.529294,-0.019192,0.005940,0.000238
-0.051088,0.018827,0.528719,-0.017922,0.005384,-0.001181
-0.050521,0.018617,0.527885,-0.016701,0.003963,-0.003444
-0.050214,0.019186,0.526352,-0.015746,0.001942,-0.005747
-0.049959,0.020611,0.523884,-0.015408,-0.000561,-0.007167
-0.049162,0.022576,0.521052,-0.016044,-0.002920,-0.007319
-0.047524,0.024387,0.519024,-0.017776,-0.004102,-0.006462
-0.045216,0.025192,0.518754,-0.020185,-0.003549,-0.005267
-0.042910,0.024793,0.520444,-0.022448,-0.001602,-0.004460
-0.041523,0.023845,0.523546,-0.023902,0.000752,-0.004289
-0.041476,0.022908,0.527087,-0.024316,0.002304,-0.004412
-0.042234,0.022036,0.530027,-0.023771,0.002260,-0.004425
-0.042976,0.021212,0.531495,-0.022571,0.000980,-0.004235
-0.043366,0.020540,0.531612,-0.021267,-0.000158,-0.003912
-0.043326,0.020125,0.531909,-0.020359,0.000221,-0.003533
-0.042974,0.019999,0.533526,-0.019845,0.002509,-0.003205
-0.042819,0.020171,0.535628,-0.019407,0.005853,-0.002976
-0.043282,0.020711,0.536626,-0.018908,0.008893,-0.002816
-0.044240,0.021838,0.535731,-0.018399,0.010622,-0.002734
-0.045194,0.023768,0.532898,-0.018046,0.010653,-0.002765
-0.045784,0.026090,0.528826,-0.018124,0.009296,-0.002885
-0.046032,0.027718,0.525155,-0.018728,0.007355,-0.003057
-0.046071,0.027975,0.523291,-0.019557,0.005570,-0.003242
-0.045829,0.027299,0.523122,-0.020189,0.004395,-0.003352
-0.045074,0.026544,0.523590,-0.020471,0.004107,-0.003337
-0.043829,0.026152,0.523738,-0.020619,0.004718,-0.003270
-0.042653,0.026191,0.523087,-0.021013,0.005726,-0.003255
-0.042403,0.026528,0.521797,-0.021852,0.006215,-0.003371
-0.043560,0.026897,0.520163,-0.023039,0.005458,-0.003679
-0.045660,0.027013,0.518289,-0.024347,0.003498,-0.004156
-0.047613,0.026651,0.516796,-0.025540,0.001108,-0.004645
-0.049001,0.025233,0.516893,-0.026306,-0.000818,-0.004955
-0.050303,0.021942,0.519417,-0.026273,-0.001652,-0.004897
-0.051304,0.017469,0.523882,-0.025286,-0.001095,-0.004173
-0.051193,0.014064,0.528541,-0.023566,0.000652,-0.002627
-0.049985,0.013342,0.531833,-0.021563,0.002831,-0.000556
-0.048060,0.015525,0.533130,-0.019889,0.004680,0.001549
-0.045676,0.019581,0.532326,-0.018994,0.005789,0.003235
-0.043596,0.023504,0.529705,-0.018741,0.005922,0.004050
-0.042699,0.025829,0.525998,-0.018801,0.005413,0.003752
-0.042869,0.026689,0.522330,-0.019157,0.005139,0.002543
-0.043234,0.026826,0.519803,-0.019836,0.005562,0.000856
-0.043481,0.026687,0.519002,-0.020646,0.006524,-0.000950
-0.044070,0.026488,0.520016,-0.021394,0.007713,-0.002617
-0.045022,0.026346,0.522451,-0.021995,0.009007,-0.004012
-0.045694,0.026374,0.525337,-0.022312,0.010368,-0.005168
-0.045937,0.026607,0.527409,-0.022186,0.011335,-0.006153
-0.046276,0.026968,0.527757,-0.021686,0.011114,-0.006912
-0.047019,0.027457,0.526346,-0.021215,0.009419,-0.007237
-0.047839,0.028116,0.524028,-0.021333,0.006730,-0.006892
-0.048149,0.028780,0.522063,-0.022315,0.003859,-0.005893
-0.047710,0.029129,0.521451,-0.023871,0.001512,-0.004600
-0.046820,0.028916,0.522509,-0.025392,0.000035,-0.003458
-0.046035,0.028082,0.524937,-0.026320,-0.000583,-0.002746
-0.045658,0.026874,0.527889,-0.026343,-0.000579,-0.002576
-0.045371,0.025874,0.530266,-0.025548,-0.000270,-0.002961
-0.044451,0.025623,0.531373,-0.024384,0.000219,-0.003919
-0.042249,0.026159,0.531190,-0.023301,0.001172,-0.005602
-0.039083,0.027089,0.530160,-0.022476,0.002961,-0.008207
-0.036805,0.027738,0.528902,-0.021978,0.005480,-0.011534
-0.037132,0.027440,0.528017,-0.021881,0.008290,-0.014811
-0.039926,0.026196,0.527539,-0.022083,0.010889,-0.017180
-0.043511,0.024829,0.526906,-0.022312,0.012675,-0.018242
-0.045895,0.024278,0.525815,-0.022432,0.013416,-0.018234
-0.046210,0.024780,0.524349,-0.022642,0.013607,-0.017832
-0.045020,0.025710,0.522978,-0.023200,0.013835,-0.017848
-0.043243,0.026317,0.522760,-0.023914,0.014135,-0.019067
-0.041588,0.026779,0.523805,-0.024350,0.014316,-0.021957
-0.041408,0.027540,0.524026,-0.024619,0.014502,-0.026089
-0.044330,0.027659,0.521830,-0.025270,0.014792,-0.030008
-0.049702,0.025333,0.518852,-0.027254,0.014791,-0.031344
-0.054184,0.019899,0.517759,-0.031456,0.014089,-0.027893
-0.055224,0.013363,0.519139,-0.036328,0.012294,-0.020559
-0.053675,0.009121,0.522073,-0.038602,0.008865,-0.012998
-0.051900,0.008551,0.525607,-0.036942,0.004132,-0.007791
-0.050798,0.010613,0.528790,-0.032361,-0.000428,-0.005378
-0.049927,0.013820,0.530748,-0.026635,-0.003318,-0.005149
-0.049131,0.017269,0.530839,-0.021400,-0.003900,-0.006124
-0.048917,0.020580,0.528761,-0.017783,-0.002612,-0.007315
-0.049711,0.023418,0.525060,-0.016341,-0.000562,-0.007904
-0.051215,0.025414,0.521197,-0.017012,0.001300,-0.007436
-0.052682,0.026279,0.518640,-0.019151,0.002689,-0.005844
-0.053445,0.025518,0.517964,-0.021859,0.003956,-0.003278
-0.053032,0.022859,0.518978,-0.024309,0.005676,-0.000126
-0.051504,0.019544,0.521343,-0.025938,0.008026,0.002796
-0.049716,0.017786,0.524331,-0.026664,0.010369,0.004585
-0.048715,0.018805,0.526260,-0.026868,0.011275,0.004861
-0.048540,0.022295,0.525671,-0.027167,0.009561,0.003784
-0.048279,0.026826,0.523246,-0.028091,0.005658,0.001662
-0.047378,0.030529,0.521296,-0.029688,0.001350,-0.001177
-,-,-,-,-,-
-0.000747,0.000504,0.009505,-0.000591,0.000089,-0.000257
-0.004372,0.002815,0.054820,-0.003440,0.000548,-0.001464
-0.012408,0.007545,0.152121,-0.009657,0.001608,-0.003972
-0.023653,0.013702,0.282300,-0.018254,0.003267,-0.007082
-0.035094,0.019835,0.409008,-0.027145,0.005562,-0.009655
-0.044051,0.024597,0.504697,-0.034467,0.008475,-0.011105
-0.049638,0.026913,0.559015,-0.039130,0.011515,-0.011659
-0.052628,0.026752,0.576578,-0.041112,0.014002,-0.011971
-0.054073,0.025227,0.569830,-0.041158,0.015615,-0.012693
-0.054634,0.023683,0.552181,-0.040224,0.016456,-0.014171
-0.054776,0.022834,0.534032,-0.039167,0.016868,-0.016269
-0.054833,0.022609,0.521167,-0.038558,0.017261,-0.018478
-0.054720,0.022613,0.514683,-0.038593,0.018129,-0.020277
-0.053972,0.022567,0.512059,-0.039338,0.020644,-0.021550
-0.053841,0.021674,0.509401,-0.041019,0.026491,-0.022587
-0.057010,0.019052,0.505598,-0.043803,0.035296,-0.023456
-0.061931,0.016008,0.503650,-0.047334,0.043588,-0.023948
-0.064698,0.014718,0.505043,-0.050716,0.048216,-0.024241
-0.065460,0.015163,0.507392,-0.053158,0.048467,-0.024571
-0.065196,0.016077,0.509533,-0.054456,0.044585,-0.024922
-0.063120,0.016465,0.512663,-0.054633,0.037268,-0.025622
-0.059915,0.015553,0.517226,-0.053664,0.027936,-0.026965
-0.057821,0.013233,0.522423,-0.051737,0.017803,-0.028318
-0.057672,0.010228,0.527304,-0.049095,0.007838,-0.028605
-0.058508,0.007242,0.531165,-0.045792,-0.000733,-0.027284
-0.059861,0.004542,0.533243,-0.041909,-0.006969,-0.024405
-0.061777,0.002522,0.533282,-0.037677,-0.010799,-0.020306
-0.063523,0.001903,0.532257,-0.033416,-0.013021,-0.015571
-0.064408,0.003322,0.531171,-0.029734,-0.014788,-0.010716
-0.064626,0.006826,0.530239,-0.027364,-0.016864,-0.005920
-0.064522,0.010651,0.529845,-0.026563,-0.019620,-0.001296
-0.063903,0.011826,0.530463,-0.027227,-0.023434,0.003159
-0.062167,0.009821,0.531668,-0.028974,-0.028368,0.007503
-0.059415,0.006987,0.532373,-0.030964,-0.033650,0.011362
-0.056878,0.005127,0.531975,-0.032387,-0.037845,0.014121
-0.055550,0.003743,0.530792,-0.032625,-0.039529,0.015283
-0.055465,0.001580,0.529565,-0.031233,-0.037930,0.014619
-0.055904,-0.000415,0.528800,-0.028594,-0.033223,0.012541
-0.055797,-0.000079,0.528479,-0.025875,-0.026413,0.009958
-0.054967,0.002396,0.528575,-0.023875,-0.018956,0.007610
-0.054291,0.005085,0.529242,-0.022607,-0.012473,0.005970
-0.054229,0.006719,0.530293,-0.021911,-0.008483,0.005481
-0.054645,0.006952,0.531489,-0.021854,-0.007790,0.006517
-0.055633,0.005878,0.532732,-0.022457,-0.010157,0.009230
-0.057441,0.003600,0.533610,-0.023345,-0.014692,0.013379
-0.059919,0.000289,0.533572,-0.024144,-0.020224,0.018465
-0.061981,-0.003194,0.532415,-0.024997,-0.025425,0.024062
-0.061972,-0.005594,0.530566,-0.026015,-0.029190,0.029495
-0.059376,-0.006303,0.528705,-0.026759,-0.030925,0.033617
-0.055510,-0.005528,0.527279,-0.026845,-0.030439,0.035536
-0.051902,-0.003891,0.526621,-0.026226,-0.027952,0.035076
-0.049244,-0.002184,0.526908,-0.024963,-0.024204,0.032661
-0.048055,-0.000961,0.527963,-0.023386,-0.020291,0.029274
-0.048549,-0.000391,0.529057,-0.022030,-0.017101,0.026065
-0.049926,-0.000495,0.529184,-0.021253,-0.014926,0.023809
-0.051038,-0.001182,0.528146,-0.021206,-0.013698,0.022767
-0.051378,-0.001992,0.526612,-0.021846,-0.013363,0.022776
-0.051022,-0.002287,0.525207,-0.022975,-0.014064,0.023489
-0.050040,-0.002045,0.524228,-0.024385,-0.015902,0.024546
-0.048473,-0.001834,0.523671,-0.025822,-0.018471,0.025486
-0.046698,-0.002015,0.523494,-0.026942,-0.020960,0.025831
-0.045163,-0.002257,0.523834,-0.027466,-0.022618,0.025401
-0.043921,-0.002017,0.524642,-0.027341,-0.023004,0.024439
-0.042916,-0.001456,0.525322,-0.026752,-0.022060,0.023429
-0.042110,-0.000946,0.525255,-0.025936,-0.020075,0.022661
-0.041137,-0.000132,0.524642,-0.025057,-0.017555,0.022025
-0.039774,0.001436,0.524065,-0.024293,-0.015006,0.021303
-0.038295,0.003709,0.523624,-0.023848,-0.012625,0.020369
-0.036987,0.006462,0.523045,-0.023752,-0.010548,0.019044
-0.036048,0.009178,0.521934,-0.023788,-0.009353,0.017103
-0.035661,0.011328,0.520149,-0.023832,-0.009547,0.014517
-0.035845,0.013251,0.518094,-0.024128,-0.010848,0.011557
-0.036301,0.015283,0.516377,-0.024900,-0.012426,0.008626
-0.036721,0.016689,0.515704,-0.025881,-0.013514,0.006070
-0.037202,0.016924,0.516778,-0.026428,-0.013816,0.004118
-0.038037,0.016341,0.519602,-0.025824,-0.013672,0.002796
-0.039385,0.015349,0.523330,-0.023607,-0.013839,0.001896
-0.041127,0.014226,0.526856,-0.019672,-0.014977,0.001158
-0.042942,0.013274,0.529185,-0.014255,-0.017452,0.000470
-0.044603,0.012828,0.529801,-0.008134,-0.021307,-0.000065
-0.045922,0.013028,0.528659,-0.002448,-0.025964,-0.000289
-0.046559,0.013816,0.526002,0.001776,-0.030223,-0.000184
-0.046234,0.015240,0.522628,0.003902,-0.032974,0.000156
-0.044896,0.017055,0.519533,0.003897,-0.033846,0.000587
-0.042872,0.018830,0.517276,0.002183,-0.033026,0.001050
-0.041011,0.020353,0.516067,-0.000916,-0.030363,0.001835
-0.039036,0.021930,0.515508,-0.005476,-0.025055,0.003416
-0.034791,0.024534,0.514277,-0.011290,-0.017115,0.005803
-0.028062,0.028264,0.511642,-0.017423,-0.008428,0.008370
-0.021985,0.031725,0.508934,-0.022759,-0.001469,0.010418
-0.019511,0.033411,0.508555,-0.026316,0.002012,0.011642
-0.021360,0.032812,0.511998,-0.027696,0.001695,0.011997
-0.026114,0.030634,0.518585,-0.027421,-0.001138,0.011365
-0.031542,0.027594,0.526070,-0.026191,-0.004877,0.009752
-0.036256,0.023852,0.532469,-0.024307,-0.008711,0.007723
-0.039979,0.020154,0.536781,-0.021975,-0.012404,0.006141
-0.043315,0.017778,0.538895,-0.019583,-0.015554,0.005297
-0.046665,0.017096,0.539154,-0.017539,-0.017381,0.004905
-0.048849,0.017017,0.537404,-0.016254,-0.017369,0.004844
-0.048164,0.016321,0.533848,-0.015947,-0.015907,0.005165
-0.044394,0.015653,0.530522,-0.016385,-0.013939,0.005716
-0.038982,0.016495,0.529683,-0.017143,-0.012383,0.006257
-0.034237,0.018399,0.531732,-0.017827,-0.011874,0.006602
-0.031677,0.019550,0.535455,-0.018013,-0.012241,0.006654
-0.030748,0.019229,0.539108,-0.017439,-0.012621,0.006463
-0.030158,0.018423,0.541506,-0.016365,-0.012356,0.006077
-0.029448,0.018463,0.542185,-0.015390,-0.011399,0.005421
-0.028682,0.019771,0.540993,-0.014983,-0.010031,0.004425
-0.028071,0.021586,0.538302,-0.015229,-0.008498,0.003105
-0.028211,0.022524,0.534949,-0.015929,-0.006940,0.001611
-0.029506,0.022063,0.531806,-0.016921,-0.005459,0.000379
-0.031206,0.021029,0.529509,-0.018222,-0.004115,0.000010
-0.032164,0.020408,0.528070,-0.019873,-0.002606,0.001053
-0.032882,0.019825,0.527271,-0.021410,-0.000155,0.003736
-0.035207,0.017801,0.527712,-0.021929,0.003733,0.007552
-0.039233,0.014090,0.529572,-0.021143,0.008342,0.011472
-0.042320,0.010511,0.531091,-0.019726,0.011806,0.014534
-0.042086,0.009474,0.530722,-0.018714,0.012561,0.015951
-0.038952,0.011769,0.528958,-0.018901,0.010529,0.015237
-0.035258,0.015612,0.526800,-0.020329,0.006889,0.012748
-0.032956,0.018551,0.524546,-0.022277,0.003192,0.009726
-0.032484,0.019669,0.522577,-0.023914,0.000545,0.007427
-0.033245,0.019372,0.521613,-0.024804,-0.000442,0.006416
-0.034556,0.018201,0.521705,-0.024944,0.000554,0.006714
-0.035975,0.016615,0.522201,-0.024569,0.003290,0.008195
-0.037121,0.014965,0.522489,-0.024006,0.007065,0.010813
-0.037658,0.013215,0.522233,-0.023629,0.011142,0.014433
-0.037639,0.011628,0.521587,-0.023864,0.014855,0.018501
-,-,-,-,-,-
-0.000455,0.000192,0.009089,-0.000752,0.000548,0.000675
-0.002644,0.001246,0.052394,-0.004358,0.003179,0.003864
-0.007526,0.003961,0.145489,-0.012305,0.009053,0.010658
-0.014571,0.008322,0.270467,-0.023592,0.017779,0.019758
-0.022284,0.013122,0.392941,-0.035677,0.028042,0.028802
-0.029302,0.016496,0.486818,-0.046060,0.038107,0.036021
-0.034840,0.017143,0.542312,-0.053250,0.046242,0.040677
-0.038413,0.015198,0.563707,-0.056818,0.051230,0.042744
-0.039824,0.011396,0.562579,-0.056699,0.052117,0.042325
-0.039572,0.006771,0.551494,-0.053092,0.048287,0.039558
-0.038713,0.003143,0.539906,-0.046761,0.040118,0.034817
-0.038199,0.001678,0.532182,-0.038800,0.029081,0.028701
-0.038404,0.001974,0.528460,-0.030418,0.017246,0.021931
-0.039171,0.003525,0.527064,-0.023039,0.006481,0.015342
-0.040081,0.006280,0.526263,-0.017764,-0.002156,0.009746
-0.040979,0.009841,0.525185,-0.014819,-0.008328,0.005737
-0.042209,0.013637,0.523944,-0.013942,-0.011945,0.003666
-0.043942,0.017199,0.523062,-0.014770,-0.013101,0.003566
-0.045737,0.020040,0.522978,-0.016750,-0.012304,0.005042
-0.047008,0.021849,0.523898,-0.019023,-0.010375,0.007342
-0.047443,0.022599,0.525885,-0.020594,-0.008224,0.009619
-0.046858,0.022558,0.528484,-0.020951,-0.006558,0.011282
-0.044880,0.022057,0.530560,-0.020473,-0.005504,0.012401
-0.042145,0.022006,0.531659,-0.020134,-0.004337,0.013500
-0.039770,0.023697,0.532099,-0.020705,-0.001873,0.014462
-0.036260,0.026639,0.531511,-0.022232,0.001819,0.014466
-0.030774,0.028945,0.530002,-0.024132,0.004747,0.012991
-0.026298,0.029397,0.529071,-0.025522,0.005220,0.010109
-0.025003,0.027835,0.529635,-0.025617,0.003545,0.006334
-0.026414,0.025138,0.531047,-0.024255,0.000955,0.002442
-0.029705,0.022444,0.532078,-0.022119,-0.001456,-0.000725
-0.034107,0.020447,0.531917,-0.020275,-0.002704,-0.002476
-0.038525,0.019544,0.530368,-0.019390,-0.002284,-0.002575
-0.041965,0.019572,0.528025,-0.019573,-0.000602,-0.001305
-0.043945,0.019734,0.526506,-0.020699,0.001544,0.000765
-0.044366,0.019267,0.527268,-0.022301,0.003740,0.002978
-0.043736,0.017910,0.529997,-0.023601,0.005798,0.004687
-0.043285,0.016151,0.533134,-0.024072,0.007269,0.005451
-0.043799,0.014855,0.535502,-0.023590,0.007574,0.005098
-0.044886,0.014205,0.536824,-0.022178,0.006368,0.003654
-0.045943,0.013737,0.537363,-0.019965,0.003822,0.001440
-0.046707,0.013213,0.537206,-0.017226,0.000701,-0.000942
-0.046876,0.013026,0.536069,-0.014364,-0.002118,-0.002963
-0.046185,0.013743,0.534123,-0.011783,-0.004199,-0.004391
-0.044971,0.014975,0.532261,-0.009655,-0.005384,-0.005106
-0.043572,0.015386,0.530700,-0.007843,-0.005502,-0.004964
-0.041200,0.014809,0.528282,-0.006278,-0.005115,-0.003951
-0.037671,0.014998,0.524472,-0.005147,-0.005792,-0.002375
-0.034399,0.017351,0.520111,-0.004578,-0.008287,-0.000747
-0.032386,0.021723,0.515810,-0.004825,-0.011572,0.000460
-0.031768,0.027031,0.512018,-0.006535,-0.014057,0.001029
-0.032121,0.031364,0.509516,-0.009897,-0.014579,0.001116
-0.032679,0.032829,0.508760,-0.014039,-0.012869,0.001037
-0.033336,0.031299,0.509792,-0.017802,-0.009696,0.001043
-0.034335,0.028246,0.512292,-0.020542,-0.006156,0.001326
-0.035628,0.024920,0.515517,-0.022066,-0.003114,0.002006
-0.037137,0.021716,0.518965,-0.022337,-0.001184,0.003073
-0.038649,0.018760,0.522516,-0.021429,-0.000641,0.004437
-0.039774,0.016324,0.525697,-0.019625,-0.001385,0.005961
-0.040263,0.014714,0.527735,-0.017330,-0.003038,0.007452
-0.040015,0.013890,0.528382,-0.014925,-0.005047,0.008685
-0.039231,0.013693,0.527950,-0.012815,-0.007000,0.009438
-0.038585,0.014022,0.526728,-0.011417,-0.008777,0.009599
-0.038592,0.014407,0.525087,-0.010991,-0.010217,0.009279
-0.039206,0.014257,0.523730,-0.011466,-0.011074,0.008689
-0.040112,0.013214,0.522847,-0.012324,-0.011119,0.007941
-0.041047,0.011335,0.521802,-0.013002,-0.010146,0.007111
-0.041809,0.009314,0.520382,-0.013555,-0.008312,0.006471
-0.042002,0.007893,0.519273,-0.014281,-0.006213,0.006378
-0.041477,0.007192,0.519301,-0.014946,-0.004465,0.006836
-0.040879,0.006781,0.520945,-0.014947,-0.003597,0.007289
-0.041081,0.006612,0.524266,-0.014218,-0.004332,0.007129
-0.042050,0.007203,0.528821,-0.013280,-0.007095,0.006447
-0.042639,0.008780,0.533606,-0.012371,-0.011384,0.005829
-0.041784,0.011605,0.537176,-0.011544,-0.016322,0.005481
-0.039191,0.015972,0.538218,-0.010932,-0.020457,0.005125
-0.035420,0.020906,0.536894,-0.010422,-0.022176,0.004488
-0.031780,0.024481,0.534772,-0.010061,-0.021719,0.003698
-0.028933,0.025618,0.532525,-0.010280,-0.020401,0.003186
-0.026995,0.024668,0.529830,-0.011338,-0.019028,0.003069
-0.026716,0.022485,0.527325,-0.013031,-0.018003,0.003160
-0.028412,0.019631,0.526309,-0.014764,-0.017105,0.003467
-0.031332,0.016693,0.527585,-0.015917,-0.015785,0.004151
-0.034681,0.014459,0.530661,-0.016125,-0.013964,0.005305
-0.038038,0.013344,0.533685,-0.015422,-0.011606,0.006990
-0.040591,0.013711,0.535492,-0.014647,-0.008343,0.009006
-0.041081,0.016329,0.536242,-0.015177,-0.004514,0.010649
-0.039013,0.020491,0.535421,-0.017408,-0.000755,0.011157
-0.035524,0.023251,0.531942,-0.020236,0.003408,0.010290
-0.032414,0.023193,0.526935,-0.022717,0.008461,0.008624
-0.030176,0.022415,0.523765,-0.024830,0.013313,0.007114
-0.028692,0.023669,0.524727,-0.026458,0.016324,0.006191
-0.028819,0.027353,0.529306,-0.027033,0.016807,0.005547
-0.031163,0.031171,0.534815,-0.026170,0.015095,0.004808
-0.034384,0.032858,0.538472,-0.024115,0.012195,0.004113
-0.036394,0.032424,0.539215,-0.021492,0.009026,0.003689
-0.036587,0.031236,0.537233,-0.018888,0.006012,0.003513
-0.035572,0.030588,0.533089,-0.016792,0.003560,0.003502
-0.034120,0.030813,0.528023,-0.015800,0.002314,0.003527
-0.032507,0.030966,0.523634,-0.016497,0.002913,0.003483
-0.030399,0.030245,0.520680,-0.018567,0.005046,0.003416
-0.028389,0.028970,0.519143,-0.020496,0.007369,0.003361
-0.027865,0.027882,0.518930,-0.020926,0.008842,0.003274
-0.028974,0.027519,0.519654,-0.019778,0.009229,0.003067
-0.030878,0.028082,0.520658,-0.017802,0.008786,0.002664
-0.032860,0.029500,0.521504,-0.015741,0.007935,0.002098
-0.034375,0.031379,0.521973,-0.013914,0.006892,0.001351
-0.035145,0.032981,0.522079,-0.012254,0.005705,0.000306
-0.035364,0.033636,0.522180,-0.010648,0.004397,-0.001043
-0.035565,0.033207,0.522457,-0.009210,0.002903,-0.002562
-0.036112,0.031933,0.522519,-0.008280,0.001212,-0.004085
-0.037087,0.030058,0.522056,-0.008160,-0.000442,-0.005418
-0.038467,0.027826,0.521454,-0.008862,-0.001744,-0.006299
-0.039989,0.025518,0.521406,-0.010208,-0.002407,-0.006368
-0.041141,0.023331,0.522459,-0.011951,-0.002250,-0.005326
-0.041496,0.021194,0.524819,-0.013615,-0.001495,-0.003239
-0.040997,0.018937,0.528150,-0.014584,-0.000656,-0.000543
-0.039707,0.016819,0.531725,-0.014522,-0.000153,0.002220
-0.037882,0.015324,0.534798,-0.013464,-0.000107,0.004560
-0.036247,0.014675,0.536656,-0.011751,-0.000447,0.006167
-0.035239,0.015031,0.536698,-0.010009,-0.001169,0.007027
-0.033311,0.015488,0.533627,-0.008573,-0.001461,0.007395
-0.028240,0.014530,0.526231,-0.007511,0.000245,0.007586
-0.021170,0.013994,0.517322,-0.007716,0.003510,0.007805
-0.015582,0.017207,0.512061,-0.010020,0.005878,0.008061
-0.014002,0.023309,0.512240,-0.013726,0.005887,0.008095
-0.017313,0.028772,0.516441,-0.017440,0.004256,0.007709
-0.023864,0.031684,0.522359,-0.020254,0.002803,0.007219
-,-,-,-,-,-
-0.000616,0.000265,0.009531,-0.000404,0.000147,0.000176
-0.003453,0.001775,0.055039,-0.002322,0.000911,0.000991
-0.009407,0.005825,0.152990,-0.006682,0.002627,0.002756
-0.017646,0.012984,0.284287,-0.012967,0.004806,0.004976
-0.027071,0.022039,0.412417,-0.018989,0.006282,0.006383
-0.036592,0.029804,0.510226,-0.022515,0.006202,0.006356
-0.043865,0.033650,0.567029,-0.023112,0.005004,0.005704
-0.046592,0.033743,0.585698,-0.021979,0.004059,0.005319
-0.044881,0.031929,0.577741,-0.020676,0.004468,0.005341
-0.040611,0.030068,0.557127,-0.020217,0.006236,0.005590
-0.035970,0.029811,0.535520,-0.020937,0.008374,0.006134
-0.032568,0.031531,0.520473,-0.022434,0.010276,0.007377
-0.031007,0.032709,0.514490,-0.023603,0.012325,0.009058
-0.031283,0.031198,0.515617,-0.023793,0.014448,0.010254
-0.032381,0.028813,0.519726,-0.023413,0.015455,0.010431
-0.032839,0.028303,0.523085,-0.023041,0.014376,0.009418
-0.032459,0.030102,0.524010,-0.022913,0.011654,0.007306
-0.032038,0.033048,0.522497,-0.023122,0.008576,0.004628
-0.032241,0.035803,0.519059,-0.023752,0.006038,0.002130
-0.033006,0.037417,0.514473,-0.024845,0.004401,0.000361
-0.033741,0.037856,0.509944,-0.026592,0.003923,-0.000568
-0.034289,0.038291,0.506841,-0.029359,0.004798,-0.000845
-0.035412,0.039419,0.506085,-0.032773,0.006447,-0.000767
-0.037909,0.039854,0.507504,-0.035568,0.007682,-0.000501
-0.040988,0.038164,0.510127,-0.037113,0.008117,0.000162
-0.042812,0.035138,0.513342,-0.038021,0.008027,0.001408
-0.043488,0.031990,0.517089,-0.038992,0.007273,0.003061
-0.044803,0.028527,0.521234,-0.039986,0.005592,0.004983
-0.046348,0.023927,0.525077,-0.040276,0.003423,0.007276
-0.045733,0.017785,0.527327,-0.038949,0.001851,0.010071
-0.041444,0.011449,0.527385,-0.036138,0.001736,0.013223
-0.033929,0.007937,0.526180,-0.033396,0.002689,0.015837
-0.026275,0.008865,0.524812,-0.032256,0.003297,0.016716
-0.021815,0.012909,0.523022,-0.033228,0.003164,0.015702
-0.021346,0.017829,0.520531,-0.035778,0.003018,0.013639
-0.024374,0.022778,0.519525,-0.038683,0.002636,0.011159
-0.030104,0.028170,0.522300,-0.040859,0.001036,0.008438
-0.036902,0.033339,0.527641,-0.041854,-0.001799,0.005897
-0.042199,0.036143,0.532547,-0.041750,-0.004546,0.004326
-0.043825,0.035567,0.535071,-0.041050,-0.005617,0.004216
-0.041612,0.032158,0.534698,-0.040403,-0.003934,0.005337
-0.038572,0.026558,0.532889,-0.039965,-0.000142,0.006222
-0.040681,0.019408,0.533294,-0.038812,0.002778,0.004937
-0.050241,0.011988,0.537433,-0.035627,0.003134,0.001789
-0.061700,0.006824,0.542023,-0.030387,0.002161,-0.000831
-0.068014,0.006209,0.543928,-0.024850,0.001256,-0.001198
-0.066429,0.009905,0.543113,-0.020972,0.000843,0.000771
-0.058852,0.015961,0.540472,-0.019356,0.000491,0.004069
-0.049446,0.022501,0.536946,-0.019620,-0.000354,0.007626
-0.041507,0.028076,0.533958,-0.021257,-0.001417,0.010766
-0.036530,0.031707,0.532853,-0.023702,-0.001981,0.013074
-0.034493,0.033197,0.533620,-0.026240,-0.001551,0.014602
-0.033983,0.032634,0.534009,-0.027719,0.000132,0.015653
-0.033512,0.030015,0.531300,-0.026821,0.003123,0.016139
-0.033076,0.026710,0.526091,-0.023915,0.006840,0.015948
-0.033136,0.025209,0.521378,-0.021257,0.010178,0.015375
-0.033459,0.026358,0.518663,-0.020460,0.012328,0.014659
-0.033489,0.029038,0.517554,-0.021416,0.013210,0.013777
-0.032417,0.031921,0.516766,-0.023307,0.013254,0.012569
-0.029967,0.034244,0.515266,-0.025356,0.012717,0.010978
-0.027533,0.035787,0.513375,-0.026870,0.011258,0.009149
-0.027160,0.036587,0.511842,-0.027350,0.008569,0.007246
-0.029492,0.036697,0.510595,-0.026871,0.005216,0.005549
-0.033563,0.036225,0.509255,-0.026096,0.002178,0.004397
-0.037826,0.035418,0.507843,-0.025727,0.000008,0.003816
-0.041173,0.034582,0.506634,-0.026077,-0.001269,0.003466
-0.043581,0.034518,0.506136,-0.026803,-0.002018,0.002982
-0.045507,0.036296,0.506998,-0.027171,-0.002772,0.002282
-0.046970,0.038995,0.509346,-0.027145,-0.004032,0.001442
-0.047789,0.039956,0.512815,-0.027432,-0.006091,0.000479
-0.048126,0.037899,0.517004,-0.028408,-0.008816,-0.000541
-0.048247,0.033534,0.521402,-0.029801,-0.011818,-0.001427
-0.048172,0.028049,0.525656,-0.030959,-0.014805,-0.001979
-0.047693,0.022375,0.529686,-0.031138,-0.017537,-0.002065
-0.046632,0.017537,0.533329,-0.029913,-0.019732,-0.001659
-0.045197,0.014248,0.536454,-0.027297,-0.021125,-0.000895
-0.043487,0.012127,0.538679,-0.023740,-0.021312,0.000055
-0.040971,0.010735,0.539358,-0.020190,-0.019947,0.001281
-0.037692,0.010386,0.538796,-0.017494,-0.017490,0.002890
-0.034938,0.011264,0.538351,-0.015763,-0.014999,0.004617
-0.033539,0.012965,0.539203,-0.014747,-0.013405,0.006162
-0.033634,0.014476,0.542621,-0.013883,-0.013601,0.006974
-0.036048,0.013834,0.549481,-0.011699,-0.016525,0.005586
-0.040774,0.009963,0.557117,-0.007063,-0.022249,0.001246
-0.045228,0.005646,0.560618,-0.001035,-0.029011,-0.004384
-0.046277,0.005137,0.557987,0.004165,-0.034113,-0.008938
-0.043311,0.009360,0.550934,0.007153,-0.035815,-0.011338
-0.038273,0.016201,0.542330,0.007725,-0.033981,-0.011675
-0.033394,0.023139,0.534506,0.006457,-0.029554,-0.010542
-0.029882,0.028306,0.528757,0.004272,-0.023717,-0.008610
-0.028005,0.030881,0.525313,0.001941,-0.017382,-0.006353
-0.027760,0.031186,0.523622,-0.000129,-0.011280,-0.004015
-0.029166,0.030190,0.522666,-0.001848,-0.006112,-0.001671
-0.031723,0.028869,0.521321,-0.003383,-0.002482,0.000678
-0.034189,0.027924,0.519166,-0.004930,-0.000737,0.002846
-0.035549,0.027401,0.516819,-0.006426,-0.000895,0.004337
-0.035849,0.027386,0.515625,-0.007515,-0.002826,0.004619
-0.035576,0.028629,0.516887,-0.007665,-0.006554,0.003366
-0.034917,0.030429,0.520306,-0.006333,-0.012184,0.000496
-0.034030,0.030733,0.523929,-0.003330,-0.019419,-0.003667
-0.033215,0.029100,0.526271,0.000899,-0.027470,-0.008349
-0.032617,0.026656,0.527078,0.005521,-0.035432,-0.012686
-0.032204,0.024451,0.526542,0.009638,-0.042399,-0.015987
-0.031842,0.023063,0.525193,0.012428,-0.047455,-0.017722
-0.031401,0.022782,0.523980,0.013389,-0.049934,-0.017602
-0.030946,0.023647,0.523521,0.012529,-0.049684,-0.015730
-0.030592,0.025432,0.523529,0.010210,-0.047085,-0.012505
-0.030099,0.027883,0.523345,0.006810,-0.042776,-0.008420
-0.028863,0.030848,0.522666,0.002448,-0.037258,-0.003981
-0.026609,0.033086,0.521726,-0.002644,-0.030795,0.000357
-0.023697,0.032342,0.521260,-0.007752,-0.023620,0.004300
-0.020749,0.028924,0.522088,-0.012537,-0.016040,0.007684
-0.018337,0.025860,0.524334,-0.017266,-0.008571,0.010374
-0.016689,0.024841,0.527103,-0.021589,-0.001617,0.012378
-0.015892,0.025674,0.529533,-0.024606,0.005039,0.014024
-0.016447,0.028211,0.531865,-0.026159,0.011133,0.015606
-0.018625,0.032267,0.534299,-0.026753,0.014996,0.016774
-0.021572,0.036755,0.535808,-0.026665,0.015314,0.016889
-0.023926,0.040400,0.535415,-0.026105,0.012767,0.015858
-0.025145,0.042798,0.533173,-0.025618,0.009157,0.014171
-0.026943,0.043537,0.529950,-0.024983,0.006134,0.012260
-0.031892,0.042179,0.527379,-0.022854,0.005300,0.010260
-0.038703,0.040743,0.526699,-0.019562,0.007649,0.008376
-0.043093,0.041930,0.528039,-0.017470,0.011712,0.006634
-0.042904,0.044829,0.531361,-0.017444,0.014144,0.004664
-0.039182,0.046163,0.536097,-0.017810,0.012573,0.002094
-0.033919,0.044902,0.539842,-0.016443,0.007128,-0.001334
-0.027629,0.044193,0.539957,-0.012837,-0.000093,-0.005420
-,-,-,-,-,-
-0.000482,0.000577,0.009770,0.000046,-0.000317,-0.000220
-0.002794,0.003295,0.056128,0.000250,-0.001742,-0.001244
-0.007399,0.009620,0.154877,0.000668,-0.004613,-0.003392
-0.012604,0.019407,0.285442,0.001072,-0.008098,-0.006155
-0.016988,0.030295,0.410767,0.000800,-0.010615,-0.008543
-0.020318,0.039623,0.503951,-0.000986,-0.010415,-0.009711
-0.021944,0.046345,0.555549,-0.004737,-0.006464,-0.009370
-0.021935,0.049589,0.571316,-0.010122,0.000580,-0.007722
-0.021803,0.048486,0.564888,-0.016162,0.008797,-0.005119
-0.022501,0.043938,0.549674,-0.021778,0.016196,-0.001889
-0.023845,0.038105,0.534765,-0.026079,0.021270,0.001578
-0.025432,0.032814,0.524669,-0.028489,0.023224,0.004744
-0.027165,0.028995,0.520491,-0.028941,0.022222,0.007192
-0.029150,0.026845,0.521197,-0.027889,0.019339,0.008858
-0.031332,0.026104,0.524528,-0.026140,0.015884,0.009882
-0.033498,0.026245,0.527918,-0.024561,0.012758,0.010454
-0.035255,0.026865,0.529703,-0.023749,0.010486,0.010904
-0.035932,0.027772,0.529860,-0.023976,0.009222,0.011619
-0.035133,0.028606,0.529424,-0.025062,0.008728,0.012816
-0.033270,0.029052,0.529365,-0.026262,0.008579,0.014436
-0.031088,0.029104,0.529737,-0.026845,0.008433,0.016186
-0.028783,0.029179,0.529695,-0.026685,0.008232,0.017685
-0.026470,0.029978,0.528625,-0.026152,0.008019,0.018642
-0.025098,0.031499,0.526865,-0.025630,0.007867,0.018952
-0.025488,0.032970,0.525181,-0.025093,0.007969,0.018716
-0.027253,0.033687,0.524160,-0.024273,0.008367,0.018172
-0.029257,0.033350,0.524057,-0.023020,0.008796,0.017548
-0.030489,0.032394,0.524638,-0.021267,0.008714,0.016888
-0.030667,0.031937,0.525194,-0.019092,0.007690,0.016100
-0.029934,0.033143,0.525022,-0.016871,0.005881,0.015128
-0.028443,0.036447,0.523995,-0.015098,0.003894,0.014056
-0.026497,0.041163,0.522556,-0.014138,0.002349,0.013023
-0.024556,0.046101,0.521042,-0.014264,0.001639,0.012117
-0.022959,0.050210,0.519421,-0.015606,0.001910,0.011412
-0.021884,0.052765,0.517623,-0.017936,0.003104,0.010991
-0.021662,0.053621,0.515848,-0.020821,0.005063,0.010933
-0.021951,0.052354,0.514412,-0.023677,0.007701,0.011116
-0.022025,0.048326,0.513774,-0.025804,0.010584,0.011115
-0.022583,0.042070,0.514541,-0.026894,0.012752,0.010738
-0.024482,0.034723,0.516810,-0.027031,0.013745,0.010351
-0.027124,0.027706,0.519996,-0.026392,0.013902,0.010402
-0.029495,0.022523,0.523119,-0.025387,0.013583,0.010960
-0.030887,0.019371,0.525277,-0.024474,0.013022,0.011702
-0.031194,0.017434,0.526533,-0.023763,0.012437,0.012166
-0.031337,0.016754,0.527942,-0.023030,0.011913,0.012021
-0.032349,0.018232,0.530443,-0.021990,0.011287,0.011210
-0.034152,0.021739,0.533805,-0.020577,0.010243,0.009933
-0.035827,0.025305,0.536561,-0.018939,0.008770,0.008521
-0.036574,0.026455,0.537281,-0.017235,0.007348,0.007323
-0.036528,0.025915,0.536330,-0.016145,0.006468,0.006766
-0.035996,0.027394,0.535024,-0.016867,0.006343,0.007317
-0.034261,0.031719,0.533421,-0.019240,0.007320,0.009013
-0.031266,0.035982,0.531240,-0.021438,0.009510,0.011148
-0.028479,0.038137,0.529022,-0.022223,0.012079,0.012727
-0.027229,0.038377,0.527245,-0.021807,0.013910,0.013162
-0.028073,0.037661,0.526420,-0.021007,0.014505,0.012536
-0.030449,0.036982,0.527159,-0.020801,0.014010,0.011426
-0.032834,0.036755,0.529119,-0.021657,0.012848,0.010342
-0.034161,0.036467,0.530805,-0.022786,0.011578,0.009430
-0.034264,0.034392,0.530637,-0.023165,0.010725,0.008844
-0.034855,0.029283,0.529085,-0.022583,0.010409,0.008880
-0.039639,0.024380,0.529182,-0.021153,0.010644,0.009659
-0.049109,0.025445,0.532705,-0.019896,0.011518,0.011142
-0.057415,0.034229,0.537233,-0.020797,0.012567,0.013129
-0.057662,0.045669,0.538090,-0.023678,0.013268,0.014770
-0.048540,0.051943,0.532212,-0.025810,0.014010,0.014988
-0.035203,0.049996,0.520940,-0.025784,0.015213,0.013643
-0.024241,0.042540,0.509173,-0.024724,0.016793,0.011583
-0.018672,0.033313,0.501401,-0.024227,0.018488,0.009739
-0.018822,0.024410,0.499424,-0.024811,0.019368,0.008259
-0.024785,0.018194,0.502873,-0.026301,0.018905,0.006840
-0.034097,0.018377,0.509643,-0.028635,0.017700,0.005225
-0.040842,0.025181,0.515927,-0.031092,0.016429,0.003087
-0.041040,0.035021,0.518357,-0.033000,0.015415,0.000487
-0.035189,0.044816,0.516800,-0.034755,0.013896,-0.002265
-0.026580,0.051093,0.513556,-0.035910,0.011117,-0.005076
-0.020394,0.051198,0.511277,-0.035396,0.008349,-0.007409
-0.020576,0.046836,0.511998,-0.034049,0.007490,-0.008161
-0.026759,0.041905,0.515912,-0.033819,0.009019,-0.006648
-0.035774,0.039114,0.521691,-0.035540,0.012130,-0.003242
-0.044370,0.039542,0.528035,-0.038697,0.015611,0.000747
-0.049918,0.040416,0.533597,-0.041420,0.018451,0.003738
-0.051444,0.036207,0.537299,-0.041708,0.020065,0.005156
-0.050711,0.026903,0.539650,-0.039358,0.019987,0.005753
-0.050096,0.017937,0.541444,-0.035497,0.017867,0.006454
-0.049804,0.012811,0.542400,-0.031653,0.013947,0.007683
-0.048640,0.013211,0.542524,-0.029125,0.009038,0.009392
-0.045926,0.019005,0.541522,-0.027886,0.004526,0.011268
-0.041778,0.025091,0.537866,-0.026537,0.002536,0.013164
-0.037047,0.026891,0.531779,-0.024625,0.004173,0.015151
-0.032524,0.025775,0.525567,-0.023159,0.007727,0.016977
-0.029022,0.024797,0.520689,-0.022124,0.010725,0.018048
-0.027785,0.025684,0.517873,-0.020986,0.012378,0.018153
-0.029791,0.029004,0.517992,-0.020076,0.012703,0.017626
-0.034729,0.033689,0.520998,-0.019400,0.011633,0.016857
-0.040046,0.038474,0.525320,-0.018261,0.009591,0.015932
-0.042894,0.042758,0.528504,-0.016302,0.006931,0.014606
-0.042410,0.045631,0.528381,-0.013768,0.003389,0.012581
-0.039661,0.046448,0.524503,-0.011154,-0.001103,0.009906
-0.036250,0.045171,0.518017,-0.009354,-0.005965,0.007010
-0.033217,0.040971,0.510609,-0.009147,-0.010179,0.004349
-0.031554,0.034125,0.504333,-0.010462,-0.012863,0.002273
-0.031971,0.028934,0.501114,-0.012941,-0.013815,0.001218
-0.034083,0.030208,0.501908,-0.016683,-0.013205,0.001514
-0.036369,0.037948,0.506204,-0.021828,-0.011204,0.002907
-0.037171,0.047575,0.511994,-0.027584,-0.008306,0.004694
-0.035902,0.053776,0.516754,-0.032184,-0.005315,0.006152
-0.033000,0.054101,0.519092,-0.034201,-0.002818,0.006753
-0.029515,0.050104,0.519239,-0.033596,-0.000962,0.006421
-0.026803,0.044571,0.518427,-0.031268,0.000373,0.005529
-0.026159,0.038605,0.518293,-0.028066,0.001340,0.004472
-0.028090,0.032813,0.519907,-0.024542,0.001909,0.003585
-0.031871,0.028485,0.523256,-0.021427,0.001751,0.003259
-0.036370,0.026165,0.527504,-0.019578,0.000630,0.003766
-0.040714,0.025631,0.531316,-0.019380,-0.001168,0.005138
-0.044288,0.026729,0.533759,-0.020576,-0.002921,0.007139
-0.046857,0.028636,0.534949,-0.022554,-0.003904,0.009200
-0.048512,0.030496,0.535561,-0.024652,-0.004005,0.010666
-0.049262,0.032702,0.535906,-0.026320,-0.003642,0.011257
-0.048573,0.034852,0.535557,-0.026594,-0.002880,0.010744
-0.046382,0.035072,0.534301,-0.024297,-0.001510,0.008800
-0.043993,0.033491,0.533100,-0.020151,0.000217,0.006095
-0.042242,0.032149,0.532756,-0.016459,0.001560,0.003874
-0.041011,0.032168,0.532977,-0.014513,0.001768,0.002436
-0.040164,0.033548,0.533357,-0.014304,0.000771,0.001637
-0.038776,0.035402,0.533451,-0.015068,-0.001010,0.001486
-0.036172,0.036583,0.532957,-0.015544,-0.003289,0.001754
-0.033415,0.036489,0.532206,-0.014778,-0.005778,0.002001
-,-,-,-,-,-
-0.000751,0.000510,0.009648,0.000151,-0.000226,-0.000072
-0.004689,0.002796,0.055819,0.000934,-0.001470,-0.000636
-0.013290,0.007658,0.154773,0.002733,-0.004130,-0.002504
-0.024082,0.014272,0.285984,0.005345,-0.006818,-0.006395
-0.032620,0.020738,0.411378,0.008447,-0.007631,-0.012552
-0.035606,0.026030,0.502971,0.012121,-0.006527,-0.020574
-0.033206,0.030798,0.551869,0.016416,-0.005176,-0.029254
-0.028735,0.036425,0.564803,0.020631,-0.005187,-0.036919
-0.025511,0.043286,0.555515,0.023644,-0.007566,-0.042111
-0.024951,0.049127,0.538097,0.025038,-0.012658,-0.044320
-0.026237,0.051468,0.522485,0.025257,-0.019556,-0.044406
-0.027818,0.050452,0.513309,0.025401,-0.026304,-0.044013
-0.028978,0.046939,0.511359,0.026983,-0.031026,-0.044295
-0.029337,0.041844,0.514293,0.030239,-0.033071,-0.044978
-0.028638,0.038036,0.518476,0.033485,-0.032937,-0.044911
-0.027431,0.038493,0.521653,0.034625,-0.031114,-0.043558
-0.026762,0.043154,0.523663,0.032302,-0.027728,-0.041174
-0.027519,0.049502,0.525520,0.026246,-0.022866,-0.037983
-0.029832,0.054327,0.527676,0.017344,-0.016684,-0.034024
-0.032645,0.055330,0.529604,0.007337,-0.009438,-0.029413
-0.034927,0.053102,0.530952,-0.002422,-0.001226,-0.024331
-0.036549,0.050296,0.532012,-0.011506,0.008009,-0.019150
-0.038057,0.047475,0.532515,-0.019328,0.018545,-0.014690
-0.039900,0.042699,0.531027,-0.025195,0.030617,-0.011714
-0.041390,0.036449,0.528215,-0.028698,0.042601,-0.010251
-0.042525,0.031318,0.527104,-0.029321,0.051563,-0.010273
-0.044330,0.028606,0.528422,-0.026852,0.055756,-0.012186
-0.045898,0.029217,0.530420,-0.021588,0.055244,-0.016100
-0.045950,0.032849,0.530861,-0.014273,0.051846,-0.021527
-0.045185,0.037423,0.528089,-0.006506,0.047841,-0.027267
-0.044304,0.041802,0.523374,-0.000371,0.044169,-0.031474
-0.043249,0.045618,0.519587,0.002745,0.041045,-0.032985
-0.041861,0.047829,0.518004,0.002937,0.038529,-0.032064
-0.039728,0.048233,0.518578,0.001362,0.036008,-0.029388
-0.036716,0.048764,0.520278,-0.001198,0.033482,-0.025659
-0.033729,0.051353,0.521759,-0.004669,0.031871,-0.021872
-0.032732,0.055323,0.522838,-0.008648,0.031307,-0.018489
-0.034652,0.058744,0.523849,-0.012473,0.031298,-0.015327
-0.038018,0.060897,0.524712,-0.015896,0.031509,-0.012643
-0.041079,0.061795,0.525113,-0.018950,0.031947,-0.011078
-0.042992,0.061324,0.524357,-0.021772,0.033201,-0.011176
-0.043789,0.059312,0.521595,-0.024447,0.035618,-0.013169
-0.044027,0.056195,0.517939,-0.026554,0.038366,-0.016348
-0.044221,0.053119,0.516254,-0.027270,0.040219,-0.019474
-0.045053,0.050385,0.517311,-0.026196,0.040640,-0.021661
-0.046550,0.047814,0.518755,-0.024152,0.039733,-0.022493
-0.048118,0.046163,0.518079,-0.022925,0.037619,-0.022064
-0.049672,0.046792,0.515818,-0.023901,0.033952,-0.020565
-0.051300,0.050303,0.514933,-0.027146,0.028837,-0.018160
-0.052992,0.054998,0.516852,-0.031262,0.023364,-0.015416
-0.054663,0.058103,0.520037,-0.034239,0.018639,-0.013217
-0.056126,0.058335,0.522277,-0.034921,0.015304,-0.012258
-0.057558,0.056374,0.523297,-0.033680,0.013060,-0.012237
-0.059413,0.052982,0.523655,-0.031872,0.011345,-0.011938
-0.061440,0.047597,0.522395,-0.030612,0.010903,-0.010288
-0.061797,0.040768,0.519181,-0.030417,0.012726,-0.006784
-0.058717,0.034702,0.515344,-0.031535,0.016754,-0.001910
-0.053301,0.031049,0.512058,-0.033990,0.022155,0.002919
-0.049526,0.031632,0.511732,-0.037727,0.026171,0.007124
-0.055873,0.039118,0.520140,-0.041160,0.024958,0.011567
-0.076513,0.051821,0.538361,-0.041128,0.019570,0.016270
-0.097585,0.061331,0.554888,-0.037895,0.015393,0.019698
-0.104633,0.062958,0.559485,-0.035540,0.013878,0.020967
-0.099295,0.059232,0.554008,-0.036167,0.013212,0.020519
-0.087561,0.052320,0.544053,-0.038467,0.013080,0.018999
-0.074525,0.043903,0.533960,-0.040251,0.013079,0.017112
-0.065552,0.036671,0.526229,-0.040394,0.011987,0.016040
-0.062828,0.032692,0.521467,-0.039322,0.009409,0.016960
-0.064576,0.032723,0.519594,-0.038234,0.006030,0.020006
-0.066981,0.035627,0.519543,-0.037922,0.002649,0.024150
-0.067276,0.039200,0.520279,-0.037928,-0.000616,0.028051
-0.065256,0.041895,0.521571,-0.036870,-0.004095,0.030759
-0.062464,0.043387,0.522755,-0.034020,-0.007718,0.031900
-0.059643,0.044151,0.522658,-0.030193,-0.010399,0.031483
-0.055538,0.045049,0.520522,-0.026850,-0.011285,0.029826
-0.049691,0.046123,0.516056,-0.025319,-0.011054,0.027785
-0.043558,0.046073,0.510412,-0.026090,-0.009801,0.026285
-0.038640,0.044864,0.507119,-0.028113,-0.005967,0.025423
-0.035328,0.043788,0.508539,-0.030103,0.000254,0.024872
-0.033166,0.043489,0.513308,-0.031644,0.005666,0.024616
-0.032026,0.044614,0.518958,-0.032637,0.007515,0.024531
-0.033005,0.047347,0.523980,-0.033062,0.005430,0.024179
-0.036921,0.050491,0.528269,-0.032694,0.000587,0.022963
-0.042579,0.053310,0.532329,-0.031243,-0.005011,0.020215
-0.047861,0.056864,0.535045,-0.029304,-0.009750,0.016226
-0.050815,0.061281,0.534779,-0.027712,-0.013349,0.012297
-0.050762,0.064281,0.532179,-0.026103,-0.015657,0.008933
-0.048918,0.063695,0.528428,-0.023562,-0.016254,0.005787
-0.047037,0.059029,0.523551,-0.020466,-0.015222,0.003074
-0.045755,0.051653,0.518555,-0.018271,-0.012490,0.001358
-0.044381,0.044365,0.515997,-0.017640,-0.007886,0.000785
-0.042924,0.039741,0.517041,-0.018009,-0.002396,0.001140
-0.042325,0.038824,0.519365,-0.018469,0.001878,0.002147
-0.043492,0.041411,0.520026,-0.018721,0.003071,0.003568
-0.046598,0.046431,0.518932,-0.019380,0.001177,0.004883
-0.049690,0.051719,0.517604,-0.021227,-0.001902,0.005350
-0.051478,0.054806,0.517563,-0.024352,-0.004183,0.004756
-0.053433,0.054691,0.520119,-0.027982,-0.004616,0.003762
-0.056423,0.052341,0.525229,-0.030968,-0.003349,0.003420
-0.059789,0.048962,0.530603,-0.032466,-0.001859,0.004480
-0.063125,0.045083,0.533197,-0.032659,-0.001744,0.007213
-0.066228,0.041398,0.532030,-0.032765,-0.003411,0.011546
-0.068318,0.038925,0.528632,-0.033800,-0.006338,0.016811
-0.068066,0.038506,0.525283,-0.035721,-0.009685,0.021785
-0.064646,0.040373,0.523973,-0.037689,-0.012496,0.025499
-0.058861,0.044101,0.525981,-0.038602,-0.014201,0.027638
