-,-,-,-,-,-
-0.000404,0.000464,0.009365,-0.000402,0.000065,-0.000082
-0.002267,0.002586,0.054111,-0.002362,0.000395,-0.000481
-0.006114,0.006849,0.150448,-0.006669,0.001141,-0.001368
-0.011164,0.011987,0.279733,-0.012523,0.002211,-0.002627
-0.016341,0.016305,0.406038,-0.018193,0.003473,-0.003978
-0.020989,0.018945,0.502127,-0.022299,0.004987,-0.005127
-0.024746,0.019896,0.557738,-0.024355,0.006844,-0.005769
-0.027512,0.019722,0.577018,-0.024675,0.008923,-0.005630
-0.029275,0.019076,0.571886,-0.023939,0.010796,-0.004629
-0.029971,0.018270,0.555677,-0.022707,0.011783,-0.003026
-0.029758,0.017560,0.538604,-0.021213,0.011173,-0.001317
-0.028891,0.017417,0.525846,-0.019545,0.008617,0.000061
-0.027179,0.018292,0.518492,-0.017924,0.004464,0.000875
-0.024327,0.020273,0.515706,-0.016718,-0.000355,0.001028
-0.020688,0.022895,0.515959,-0.016259,-0.004808,0.000508
-0.017129,0.025360,0.517475,-0.016692,-0.007964,-0.000588
-0.014444,0.027021,0.518972,-0.017965,-0.009034,-0.002051
-0.012965,0.027686,0.520345,-0.019950,-0.007716,-0.003550
-0.012684,0.027357,0.522363,-0.022460,-0.004426,-0.004710
-0.013602,0.025891,0.525544,-0.025113,-0.000056,-0.005237
-0.015655,0.023331,0.529468,-0.027355,0.004375,-0.005038
-0.018525,0.020287,0.533233,-0.028698,0.007927,-0.004277
-0.021640,0.017675,0.536075,-0.028908,0.009800,-0.003325
-0.024310,0.016105,0.537511,-0.028010,0.009484,-0.002607
-0.025895,0.015661,0.537460,-0.026218,0.006897,-0.002437
-0.025921,0.016148,0.536113,-0.023909,0.002528,-0.002879
-0.024340,0.017335,0.533738,-0.021583,-0.002474,-0.003772
-0.021632,0.019064,0.530804,-0.019761,-0.006635,-0.004905
-0.018714,0.020949,0.527979,-0.018821,-0.008759,-0.006054
-0.016794,0.022217,0.525864,-0.018847,-0.008326,-0.006930
-0.016696,0.022287,0.524762,-0.019661,-0.005498,-0.007226
-0.018206,0.021217,0.524849,-0.020993,-0.000930,-0.006772
-0.020473,0.019554,0.526244,-0.022527,0.004420,-0.005696
-0.022990,0.017847,0.528682,-0.023832,0.009432,-0.004420
-0.025719,0.016250,0.531648,-0.024397,0.013011,-0.003446
-0.028423,0.014797,0.534745,-0.023839,0.014332,-0.003078
-0.030599,0.013612,0.537466,-0.022097,0.013093,-0.003316
-0.031880,0.012741,0.539063,-0.019464,0.009664,-0.003939
-0.032104,0.012252,0.539094,-0.016463,0.004916,-0.004647
-0.031345,0.012312,0.537726,-0.013679,-0.000035,-0.005225
-0.030147,0.013145,0.535498,-0.011658,-0.004033,-0.005616
-0.029242,0.014807,0.532935,-0.010726,-0.006135,-0.005840
-0.028578,0.016717,0.530029,-0.010870,-0.005900,-0.005921
-0.027602,0.018150,0.526587,-0.011982,-0.003695,-0.005890
-0.026510,0.019073,0.523032,-0.013980,-0.000524,-0.005765
-0.026246,0.019857,0.520073,-0.016683,0.002629,-0.005512
-0.027614,0.020634,0.517930,-0.019775,0.005107,-0.005138
-0.030724,0.021272,0.516361,-0.022796,0.006501,-0.004773
-0.035048,0.021809,0.515218,-0.025261,0.006571,-0.004581
-0.039790,0.022595,0.514609,-0.026856,0.005257,-0.004600
-0.044243,0.023956,0.514615,-0.027522,0.002843,-0.004653
-0.047982,0.025916,0.515186,-0.027536,0.000069,-0.004469
-0.050693,0.028203,0.516531,-0.027337,-0.002018,-0.003882
-0.052073,0.030339,0.519212,-0.027223,-0.002519,-0.002913
-0.052162,0.031979,0.523186,-0.027324,-0.001310,-0.001736
-0.051427,0.033407,0.527356,-0.027678,0.000847,-0.000622
-0.050639,0.035455,0.530827,-0.028319,0.002911,0.000103
-0.050900,0.038525,0.533742,-0.029230,0.004322,0.000193
-0.052980,0.042019,0.536454,-0.030225,0.005293,-0.000310
-0.056388,0.045051,0.538959,-0.031027,0.006386,-0.001029
-0.059664,0.047075,0.541242,-0.031425,0.007987,-0.001668
-0.062255,0.048371,0.543573,-0.031493,0.010050,-0.002376
-0.065376,0.050348,0.545936,-0.031325,0.012550,-0.003731
-0.069862,0.053675,0.547166,-0.030648,0.016248,-0.006381
-0.075216,0.056422,0.545800,-0.029619,0.021966,-0.010104
-0.081180,0.056038,0.541405,-0.029266,0.029594,-0.013702
-0.088212,0.052010,0.534425,-0.030609,0.038352,-0.015741
-0.096497,0.045508,0.525738,-0.034227,0.047292,-0.014659
-0.105538,0.037923,0.517102,-0.040171,0.055473,-0.009284
-0.115008,0.030014,0.510696,-0.047469,0.062157,0.000074
-0.124624,0.022078,0.506911,-0.054324,0.066731,0.011717
-0.132991,0.014780,0.504533,-0.059281,0.067781,0.023092
-0.137871,0.008556,0.502491,-0.061388,0.062963,0.031562
-0.137000,0.003044,0.499074,-0.059771,0.050482,0.036694
-0.129245,-0.001006,0.492489,-0.054543,0.030537,0.040401
-0.116222,-0.001128,0.483138,-0.047457,0.005837,0.044383
-0.101780,0.004216,0.473540,-0.040982,-0.019435,0.049288
-0.089606,0.013311,0.466931,-0.036972,-0.041384,0.054801
-0.081252,0.022216,0.465822,-0.036260,-0.057449,0.059268
-0.075546,0.028113,0.470814,-0.038853,-0.066993,0.060214
-0.070412,0.030791,0.480288,-0.043697,-0.071363,0.056358
-0.065088,0.031421,0.491141,-0.049450,-0.072793,0.048816
-0.058294,0.031138,0.500570,-0.055693,-0.072831,0.040106
-0.046844,0.030835,0.508364,-0.062260,-0.072486,0.032592
-0.029422,0.030762,0.516841,-0.068147,-0.073207,0.027323
-0.009297,0.029682,0.527915,-0.071082,-0.076107,0.024200
0.008313,0.026455,0.541169,-0.068809,-0.080791,0.023122
0.021074,0.021926,0.553636,-0.061574,-0.085556,0.023880
0.030628,0.019239,0.560792,-0.052168,-0.088755,0.025575
0.038464,0.021415,0.561260,-0.043163,-0.090191,0.027353
0.042416,0.025566,0.559868,-0.035590,-0.089330,0.029800
0.040659,0.026284,0.560099,-0.031373,-0.083019,0.034109
0.037359,0.024290,0.559107,-0.033259,-0.070137,0.038268
0.038226,0.022955,0.555056,-0.041014,-0.054453,0.038215
0.044441,0.022795,0.550728,-0.051871,-0.039188,0.033997
0.053311,0.022657,0.549211,-0.063285,-0.024902,0.029505
0.059773,0.021073,0.551312,-0.073077,-0.012314,0.027066
0.060035,0.017380,0.555794,-0.079480,-0.002939,0.025806
0.055291,0.011770,0.559766,-0.081936,0.002086,0.024366
0.048817,0.005076,0.560295,-0.081478,0.002459,0.022783
0.042388,-0.000510,0.556980,-0.080324,-0.001211,0.021183
0.036847,-0.003276,0.551517,-0.080353,-0.007609,0.018961
0.032680,-0.004082,0.545450,-0.082042,-0.014770,0.015931
0.029939,-0.005208,0.539999,-0.084733,-0.019668,0.012565
0.028349,-0.008268,0.536438,-0.087286,-0.019465,0.009267
0.026967,-0.013438,0.535387,-0.088714,-0.013754,0.006272
0.024663,-0.019979,0.536456,-0.088589,-0.004645,0.003934
0.021401,-0.026756,0.538696,-0.086945,0.004904,0.002687
0.018236,-0.032498,0.540986,-0.084008,0.012438,0.002654
0.015996,-0.036272,0.542076,-0.080240,0.016633,0.003521
0.014561,-0.037802,0.540961,-0.076458,0.017349,0.004767
0.013366,-0.037449,0.537777,-0.073465,0.015091,0.005867
0.011953,-0.036121,0.534078,-0.071453,0.010628,0.006434
0.010115,-0.035111,0.531673,-0.069922,0.005231,0.006233
0.007959,-0.035466,0.531462,-0.068058,0.000540,0.005138
0.005909,-0.037259,0.533538,-0.065018,-0.002486,0.003284
0.004480,-0.039564,0.537313,-0.060254,-0.004294,0.001063
0.003866,-0.041287,0.541362,-0.053932,-0.006084,-0.001029
0.004030,-0.041836,0.544060,-0.047023,-0.008653,-0.002481
0.005109,-0.040918,0.544559,-0.040805,-0.012049,-0.003052
0.007173,-0.038497,0.542968,-0.036247,-0.015839,-0.002994
0.009965,-0.035203,0.539798,-0.033817,-0.019254,-0.002771
0.013655,-0.032851,0.534516,-0.033190,-0.020492,-0.002654
0.021316,-0.032367,0.523960,-0.033707,-0.016206,-0.003087
0.037693,-0.029988,0.506247,-0.035903,-0.005650,-0.005065
0.059806,-0.021482,0.487789,-0.040201,0.005174,-0.008868
0.074849,-0.009624,0.479801,-0.044824,0.009552,-0.013163
0.073304,-0.001400,0.487050,-0.047947,0.007537,-0.016501
-,-,-,-,-,-
-0.000020,-0.000581,0.009858,-0.000684,0.000205,-0.000220
-0.000079,-0.003309,0.056847,-0.003993,0.001105,-0.001277
0.000054,-0.009037,0.157520,-0.011077,0.002807,-0.003530
0.000928,-0.016465,0.291491,-0.020171,0.004638,-0.006417
0.002712,-0.023296,0.420804,-0.028168,0.005779,-0.008972
0.004788,-0.027656,0.517426,-0.033164,0.005896,-0.010628
0.006472,-0.028671,0.571106,-0.035075,0.005186,-0.011369
0.007621,-0.026636,0.586482,-0.035141,0.004119,-0.011539
0.008222,-0.022690,0.576333,-0.035143,0.003188,-0.011588
0.007972,-0.018405,0.555055,-0.036451,0.002877,-0.011775
0.006756,-0.015489,0.534525,-0.039381,0.003635,-0.012023
0.004877,-0.015233,0.522142,-0.043123,0.005610,-0.012029
0.002480,-0.017806,0.519850,-0.046267,0.008390,-0.011531
-0.000500,-0.022210,0.524732,-0.047683,0.011211,-0.010526
-0.003682,-0.026784,0.531762,-0.047135,0.013342,-0.009243
-0.006292,-0.030013,0.536950,-0.045222,0.014301,-0.008008
-0.007974,-0.031365,0.538838,-0.042807,0.013930,-0.007142
-0.008937,-0.031298,0.538011,-0.040504,0.012363,-0.006839
-0.009421,-0.030735,0.535753,-0.038501,0.009906,-0.007054
-0.009386,-0.030432,0.533146,-0.036670,0.006931,-0.007533
-0.008651,-0.030474,0.530734,-0.034823,0.003762,-0.007930
-0.007166,-0.030533,0.528379,-0.032882,0.000479,-0.007919
-0.005087,-0.030350,0.525642,-0.030867,-0.003125,-0.007291
-0.002710,-0.029820,0.522379,-0.028959,-0.007188,-0.005970
-0.000322,-0.028745,0.518790,-0.027660,-0.011416,-0.003985
0.002158,-0.026719,0.515324,-0.027436,-0.015001,-0.001778
0.004860,-0.023515,0.512558,-0.028220,-0.016845,-0.000276
0.007528,-0.019806,0.510857,-0.029677,-0.015914,-0.000229
0.010088,-0.017120,0.510823,-0.031395,-0.011921,-0.001831
0.012775,-0.016902,0.512995,-0.032559,-0.006084,-0.004946
0.015491,-0.019484,0.516315,-0.032239,-0.000562,-0.009189
0.017379,-0.023323,0.519341,-0.030281,0.003095,-0.013973
0.017246,-0.026254,0.522249,-0.027468,0.004753,-0.018576
0.014401,-0.027692,0.525667,-0.024767,0.005366,-0.022118
0.009059,-0.028693,0.529720,-0.022650,0.006006,-0.023909
0.002392,-0.030537,0.534358,-0.020959,0.007230,-0.023892
-0.004050,-0.033303,0.538875,-0.019420,0.009167,-0.022473
-0.009286,-0.036008,0.542020,-0.018105,0.011599,-0.020208
-0.013055,-0.037796,0.543312,-0.017264,0.014214,-0.017856
-0.015689,-0.038186,0.543835,-0.017053,0.016820,-0.016228
-0.017967,-0.037277,0.545447,-0.017243,0.018921,-0.015662
-0.020583,-0.035938,0.548969,-0.017072,0.019624,-0.015922
-0.023797,-0.035387,0.553289,-0.015598,0.018357,-0.016497
-0.027187,-0.036116,0.556301,-0.012380,0.015453,-0.016795
-0.029841,-0.036865,0.556441,-0.008123,0.011928,-0.016275
-0.031256,-0.036173,0.553435,-0.004333,0.008878,-0.014654
-0.031573,-0.034067,0.548252,-0.002170,0.007084,-0.012051
-0.031021,-0.031308,0.542460,-0.001876,0.006647,-0.008953
-0.029696,-0.028595,0.537316,-0.002976,0.006834,-0.006044
-0.027634,-0.026344,0.533486,-0.004677,0.006630,-0.003982
-0.024952,-0.024577,0.531258,-0.006228,0.005495,-0.003151
-0.022049,-0.023090,0.530469,-0.007174,0.003491,-0.003494
-0.019403,-0.021716,0.530293,-0.007507,0.000925,-0.004481
-0.017130,-0.020395,0.529637,-0.007601,-0.001844,-0.005316
-0.015088,-0.019099,0.528115,-0.007920,-0.004377,-0.005340
-0.013170,-0.017979,0.526314,-0.008733,-0.006131,-0.004321
-0.011208,-0.017227,0.525144,-0.009946,-0.006667,-0.002504
-0.009040,-0.016461,0.525178,-0.011102,-0.005933,-0.000455
-0.006708,-0.014811,0.526222,-0.011851,-0.004272,0.001252
-0.004424,-0.011996,0.527582,-0.012361,-0.002182,0.002277
-0.002551,-0.008726,0.528958,-0.013017,-0.000217,0.002468
-0.001402,-0.005847,0.530451,-0.013936,0.001035,0.001712
-0.000910,-0.003634,0.532032,-0.014905,0.000981,-0.000111
-0.000812,-0.002008,0.533657,-0.015508,-0.000903,-0.003087
-0.001125,-0.000951,0.535098,-0.015424,-0.004680,-0.007182
-0.002129,-0.000637,0.535633,-0.014813,-0.009526,-0.012150
-0.003849,-0.001168,0.534999,-0.014257,-0.013836,-0.017393
-0.005828,-0.002259,0.534421,-0.014212,-0.016081,-0.021871
-0.007406,-0.003608,0.535157,-0.014632,-0.015638,-0.024627
-0.008106,-0.004925,0.536735,-0.015177,-0.012738,-0.025470
-0.007946,-0.005626,0.537809,-0.015628,-0.008137,-0.024960
-0.007343,-0.005408,0.537350,-0.016059,-0.002951,-0.023943
-0.006710,-0.004550,0.534964,-0.016734,0.001608,-0.023098
-0.006311,-0.003558,0.531322,-0.017775,0.004643,-0.022814
-0.006378,-0.002788,0.527901,-0.019208,0.005854,-0.023242
-0.006983,-0.002147,0.526145,-0.021169,0.005593,-0.024381
-0.007797,-0.001539,0.526871,-0.023358,0.004744,-0.026109
-0.008541,-0.001633,0.529760,-0.024823,0.004049,-0.028008
-0.009264,-0.003513,0.533132,-0.024964,0.003577,-0.029566
-0.009879,-0.006980,0.535012,-0.024311,0.003236,-0.030731
-0.009884,-0.009706,0.534829,-0.023709,0.003368,-0.031683
-0.008541,-0.010271,0.533114,-0.023262,0.004434,-0.032374
-0.005812,-0.010431,0.530261,-0.023051,0.006628,-0.032741
-0.002924,-0.011820,0.527128,-0.023765,0.010110,-0.032663
-0.001052,-0.013608,0.525363,-0.025713,0.014891,-0.031924
-0.000600,-0.014828,0.525779,-0.028252,0.020366,-0.030612
-0.002046,-0.015763,0.527635,-0.030532,0.025625,-0.028934
-0.005304,-0.017016,0.529802,-0.031888,0.030122,-0.026872
-0.008735,-0.019865,0.531374,-0.031489,0.033800,-0.024399
-0.011039,-0.025283,0.531829,-0.029076,0.036981,-0.021237
-0.013197,-0.030842,0.531787,-0.025589,0.040675,-0.016155
-0.016841,-0.032222,0.532513,-0.022067,0.046090,-0.008194
-0.021695,-0.027803,0.534262,-0.019042,0.052766,0.001288
-0.025766,-0.019809,0.535853,-0.016937,0.058505,0.009811
-0.027864,-0.012506,0.536060,-0.015917,0.061601,0.016096
-0.028745,-0.009541,0.534817,-0.015699,0.061699,0.019903
-0.029406,-0.011144,0.532785,-0.016141,0.058937,0.020964
-0.030030,-0.014030,0.530738,-0.017292,0.053550,0.018813
-0.030488,-0.015129,0.529388,-0.018731,0.046010,0.013494
-0.030625,-0.013260,0.529425,-0.019997,0.037175,0.006194
-0.030275,-0.008014,0.531214,-0.020910,0.028426,-0.001134
-0.028998,-0.001083,0.533589,-0.021153,0.021422,-0.007006
-0.025836,0.004244,0.534326,-0.020617,0.017498,-0.011435
-0.020528,0.006366,0.532161,-0.019683,0.016951,-0.015321
-0.015285,0.005280,0.527762,-0.019393,0.018780,-0.018977
-0.012757,0.001615,0.523554,-0.021036,0.021560,-0.022107
-0.012867,-0.003006,0.521777,-0.024490,0.024160,-0.024768
-0.013987,-0.006107,0.522835,-0.028328,0.025391,-0.027508
-0.015438,-0.005755,0.525975,-0.031324,0.024135,-0.030901
-0.017632,-0.002936,0.529398,-0.033090,0.020325,-0.035083
-0.020670,-0.000284,0.531166,-0.034423,0.015412,-0.039635
-0.023603,0.001380,0.531473,-0.036007,0.011446,-0.043884
-0.025368,0.002321,0.531677,-0.036893,0.009350,-0.047223
-0.026341,0.001816,0.532267,-0.036111,0.008253,-0.049230
-0.027691,-0.001067,0.532605,-0.034341,0.006842,-0.049694
-0.029104,-0.006464,0.531422,-0.032774,0.004629,-0.048621
-0.029078,-0.014508,0.527937,-0.031903,0.002032,-0.046444
-0.027152,-0.024893,0.522254,-0.031982,0.000426,-0.044189
-0.024364,-0.034878,0.515977,-0.033126,0.001105,-0.043049
-0.022321,-0.041264,0.511605,-0.035036,0.003781,-0.043430
-0.022626,-0.044210,0.509738,-0.037745,0.007211,-0.044362
-0.025577,-0.045530,0.509459,-0.041759,0.010905,-0.044376
-0.029318,-0.045347,0.510428,-0.046701,0.015056,-0.042478
-0.031815,-0.042746,0.512523,-0.050675,0.019044,-0.038337
-0.032904,-0.038126,0.515136,-0.052073,0.021437,-0.032826
-0.033340,-0.032773,0.517676,-0.051532,0.021585,-0.027886
-0.032671,-0.027951,0.519593,-0.050530,0.020142,-0.025196
-0.030041,-0.025652,0.520502,-0.049522,0.018045,-0.025474
-,-,-,-,-,-
-0.000429,-0.000718,0.009635,-0.000896,0.000188,-0.000950
-0.002584,-0.004251,0.055487,-0.005145,0.000933,-0.005310
-0.007127,-0.011639,0.153485,-0.013749,0.002295,-0.014530
-0.012722,-0.020806,0.283381,-0.023962,0.004018,-0.026925
-0.018015,-0.029168,0.407959,-0.032469,0.005593,-0.038692
-0.022831,-0.035115,0.500117,-0.038090,0.006257,-0.046244
-0.026897,-0.037027,0.550747,-0.041448,0.005849,-0.048459
-0.029997,-0.034679,0.565846,-0.043802,0.004975,-0.046900
-0.032701,-0.030601,0.558861,-0.045553,0.004131,-0.044096
-0.035771,-0.026884,0.543502,-0.046564,0.003480,-0.041798
-0.039183,-0.022307,0.529442,-0.047163,0.003230,-0.040093
-0.042281,-0.016495,0.520506,-0.047517,0.003363,-0.038345
-0.045015,-0.012784,0.516604,-0.047526,0.003369,-0.036673
-0.047564,-0.014552,0.516541,-0.046704,0.002935,-0.035909
-0.049302,-0.022825,0.518172,-0.043874,0.002075,-0.036629
-0.049746,-0.035296,0.519018,-0.039407,0.000860,-0.037972
-0.049189,-0.046778,0.518189,-0.035968,-0.000213,-0.038063
-0.047606,-0.053374,0.516269,-0.035381,-0.000507,-0.036050
-0.044612,-0.054729,0.513830,-0.037252,0.000089,-0.032637
-0.040868,-0.052665,0.511196,-0.040328,0.001193,-0.029072
-0.037907,-0.049647,0.509144,-0.043330,0.002282,-0.026391
-0.036484,-0.047367,0.508999,-0.045351,0.003032,-0.025200
-0.036142,-0.045944,0.511538,-0.046442,0.003430,-0.025585
-0.036354,-0.045177,0.516045,-0.047379,0.003426,-0.027126
-0.037118,-0.045364,0.521382,-0.048509,0.002526,-0.029106
-0.038431,-0.046190,0.527096,-0.049399,0.000257,-0.030758
-0.040029,-0.046923,0.532276,-0.049517,-0.002727,-0.031565
-0.041994,-0.047814,0.535854,-0.048562,-0.005261,-0.031528
-0.045026,-0.049744,0.538322,-0.046796,-0.006924,-0.030832
-0.049121,-0.053064,0.540274,-0.045109,-0.007532,-0.029187
-0.052518,-0.056632,0.541494,-0.043739,-0.006997,-0.026185
-0.052959,-0.058537,0.541780,-0.041889,-0.005875,-0.022321
-0.049720,-0.058761,0.540253,-0.039305,-0.004658,-0.018825
-0.044376,-0.058053,0.536728,-0.036692,-0.003484,-0.016548
-0.039378,-0.056336,0.532977,-0.034291,-0.003051,-0.015633
-0.036172,-0.055057,0.530343,-0.031664,-0.004436,-0.015847
-0.035124,-0.056038,0.528746,-0.028788,-0.007966,-0.016663
-0.035894,-0.059037,0.527462,-0.025651,-0.012807,-0.017579
-0.037557,-0.063028,0.525656,-0.021823,-0.017573,-0.018342
-0.039001,-0.065831,0.523902,-0.018304,-0.021145,-0.018393
-0.038960,-0.063585,0.524143,-0.017243,-0.022841,-0.017174
-0.036196,-0.054690,0.526889,-0.019106,-0.022595,-0.015035
-0.030956,-0.043168,0.529998,-0.022501,-0.021412,-0.012910
-0.025523,-0.034825,0.531099,-0.026200,-0.020656,-0.011426
-0.022019,-0.031612,0.530036,-0.029955,-0.020637,-0.010681
-0.020498,-0.032163,0.527797,-0.033265,-0.020673,-0.010849
-0.019810,-0.034238,0.524901,-0.035213,-0.020303,-0.012125
-0.019303,-0.035546,0.522174,-0.036249,-0.019641,-0.013945
-0.018843,-0.034800,0.520816,-0.037840,-0.018687,-0.015308
-0.018102,-0.032210,0.521200,-0.039849,-0.017130,-0.016280
-0.015957,-0.028498,0.522550,-0.040794,-0.014585,-0.017769
-0.011304,-0.025002,0.523219,-0.040989,-0.010708,-0.019464
-0.005934,-0.023624,0.522499,-0.042216,-0.005876,-0.020263
-0.003468,-0.024922,0.521614,-0.044980,-0.001253,-0.020041
-0.005309,-0.028928,0.521669,-0.048469,0.002230,-0.019344
-0.010312,-0.036367,0.522788,-0.051655,0.004220,-0.018598
-0.016155,-0.046223,0.524567,-0.053459,0.004759,-0.018074
-0.020683,-0.055998,0.525834,-0.053115,0.004125,-0.017959
-0.023256,-0.063887,0.525706,-0.051115,0.002826,-0.018274
-0.024174,-0.067781,0.524759,-0.048996,0.001592,-0.018790
-0.023527,-0.065400,0.524091,-0.048252,0.000878,-0.018951
-0.021445,-0.057224,0.524155,-0.049457,0.000582,-0.018292
-0.018682,-0.048042,0.524572,-0.051382,0.000218,-0.017418
-0.016368,-0.043308,0.524371,-0.051681,-0.000963,-0.017670
-0.015360,-0.044265,0.522817,-0.049137,-0.003358,-0.019697
-0.015673,-0.048560,0.520140,-0.044921,-0.006472,-0.022799
-0.016665,-0.053836,0.517106,-0.041368,-0.009475,-0.025656
-0.017585,-0.058542,0.514501,-0.040076,-0.011674,-0.027556
-0.017430,-0.061248,0.512709,-0.041644,-0.012401,-0.028526
-0.015447,-0.061221,0.511414,-0.046189,-0.011321,-0.028856
-0.012391,-0.057855,0.510796,-0.053432,-0.008753,-0.028832
-0.009870,-0.051019,0.511832,-0.062236,-0.005352,-0.028542
-0.009030,-0.043798,0.514689,-0.070462,-0.001832,-0.028141
-0.010481,-0.040430,0.518698,-0.075956,0.000840,-0.027900
-0.014126,-0.041506,0.523504,-0.078033,0.001758,-0.027757
-0.018951,-0.041464,0.529567,-0.077466,0.000808,-0.027600
-0.023276,-0.032566,0.537121,-0.075149,-0.001300,-0.027630
-0.025774,-0.018027,0.543752,-0.071833,-0.003263,-0.027861
-0.026811,-0.010783,0.546245,-0.068428,-0.003936,-0.027926
-0.027793,-0.016531,0.544946,-0.065516,-0.003539,-0.027304
-0.029428,-0.030198,0.543049,-0.062985,-0.003197,-0.025649
-0.031318,-0.044084,0.542712,-0.060530,-0.003448,-0.023464
-0.032290,-0.052492,0.543919,-0.057699,-0.004393,-0.022000
-0.030666,-0.052989,0.545856,-0.053717,-0.006080,-0.022044
-0.025306,-0.048693,0.546612,-0.048918,-0.007833,-0.023034
-0.017634,-0.046222,0.544219,-0.044829,-0.008591,-0.023846
-0.011389,-0.050102,0.539254,-0.042312,-0.007832,-0.024212
-0.009354,-0.060192,0.534059,-0.041588,-0.005792,-0.024455
-0.011563,-0.070844,0.530981,-0.042652,-0.003274,-0.024464
-0.016245,-0.077572,0.530278,-0.044632,-0.000749,-0.023955
-0.021697,-0.081877,0.530133,-0.046335,0.002028,-0.023074
-0.026837,-0.083794,0.530434,-0.047184,0.004959,-0.022013
-0.030247,-0.080426,0.532427,-0.046207,0.007114,-0.020658
-0.030691,-0.072114,0.535982,-0.041895,0.007687,-0.019059
-0.028782,-0.063888,0.539694,-0.034578,0.006788,-0.017860
-0.026642,-0.060717,0.541802,-0.026937,0.005033,-0.017837
-0.025922,-0.060180,0.542166,-0.021508,0.002945,-0.019417
-0.026741,-0.054447,0.542609,-0.019042,0.001028,-0.022521
-0.028050,-0.041863,0.543603,-0.019511,-0.000120,-0.025963
-0.028617,-0.029262,0.543462,-0.022615,0.000085,-0.028148
-0.028120,-0.023246,0.541010,-0.026837,0.001887,-0.028548
-0.027191,-0.024996,0.536612,-0.029887,0.004777,-0.027992
-0.026757,-0.030275,0.531557,-0.030486,0.007538,-0.027698
-0.027418,-0.034923,0.526692,-0.029483,0.008902,-0.027541
-0.028514,-0.040151,0.521839,-0.028505,0.008331,-0.026431
-0.028755,-0.048080,0.517196,-0.028477,0.006191,-0.024176
-0.028020,-0.057663,0.513739,-0.029263,0.003292,-0.021584
-0.026885,-0.066975,0.512334,-0.029568,0.000373,-0.019462
-0.025265,-0.074513,0.512991,-0.029140,-0.002113,-0.017883
-0.023079,-0.079180,0.514788,-0.029419,-0.004048,-0.016362
-0.021082,-0.080842,0.516868,-0.030914,-0.005547,-0.014713
-0.020595,-0.080598,0.518732,-0.032799,-0.006803,-0.014827
-0.022337,-0.080210,0.519765,-0.034353,-0.007904,-0.019957
-0.025060,-0.080593,0.519583,-0.035468,-0.008514,-0.028941
-0.027032,-0.081201,0.518545,-0.036534,-0.008218,-0.036029
-0.028138,-0.081375,0.517397,-0.037722,-0.007045,-0.037684
-0.029036,-0.081616,0.516665,-0.038525,-0.005296,-0.034464
-0.030088,-0.082937,0.516519,-0.038650,-0.003293,-0.028614
-0.031196,-0.085030,0.517023,-0.038720,-0.001179,-0.022370
-0.031801,-0.086111,0.518338,-0.039437,0.001122,-0.017123
-0.031564,-0.085190,0.520276,-0.040628,0.003432,-0.013360
-0.030775,-0.083106,0.522047,-0.041420,0.005103,-0.011077
-0.030125,-0.081236,0.522591,-0.041046,0.005528,-0.010102
-0.030379,-0.080553,0.521185,-0.039580,0.004674,-0.010187
-0.031574,-0.081367,0.518634,-0.037765,0.003050,-0.010993
-0.033070,-0.083249,0.516725,-0.036143,0.001137,-0.012030
-0.034564,-0.085561,0.516325,-0.034777,-0.000898,-0.012781
-0.035857,-0.087812,0.517303,-0.033619,-0.002874,-0.012861
-,-,-,-,-,-
-0.000502,-0.001681,0.009531,-0.000536,-0.000078,-0.000069
-0.002986,-0.009607,0.055030,-0.003051,-0.000488,-0.000365
-0.008290,-0.026258,0.152826,-0.008189,-0.001547,-0.000960
-0.014824,-0.047621,0.283488,-0.014351,-0.003357,-0.001811
-0.019971,-0.066947,0.409571,-0.019260,-0.005524,-0.002939
-0.022348,-0.079918,0.502744,-0.021930,-0.007157,-0.004441
-0.022603,-0.085891,0.553692,-0.022705,-0.007717,-0.006316
-0.022637,-0.086765,0.569190,-0.022316,-0.007770,-0.008309
-0.023425,-0.085068,0.562696,-0.021296,-0.008299,-0.010016
-0.024172,-0.082512,0.546866,-0.020004,-0.009722,-0.011073
-0.023663,-0.079866,0.530560,-0.018750,-0.011772,-0.011179
-0.021462,-0.077681,0.518512,-0.017821,-0.013860,-0.010240
-0.018157,-0.076408,0.512371,-0.017365,-0.015481,-0.008597
-0.014860,-0.075841,0.511646,-0.017267,-0.016418,-0.006897
-0.012373,-0.075249,0.514190,-0.017241,-0.016741,-0.005722
-0.010851,-0.074111,0.517348,-0.017058,-0.016605,-0.005347
-0.010191,-0.072520,0.519509,-0.016743,-0.016095,-0.005640
-0.010242,-0.070895,0.520742,-0.016457,-0.015269,-0.006232
-0.010452,-0.069485,0.521786,-0.016208,-0.014283,-0.006853
-0.010202,-0.068297,0.522808,-0.015955,-0.013449,-0.007505
-0.009546,-0.067170,0.523655,-0.015828,-0.013078,-0.008364
-0.008787,-0.065853,0.524290,-0.015998,-0.013225,-0.009523
-0.007921,-0.064200,0.524610,-0.016550,-0.013650,-0.010863
-0.007095,-0.062245,0.524740,-0.017725,-0.013998,-0.012147
-0.006661,-0.060202,0.525207,-0.019929,-0.013831,-0.013186
-0.006688,-0.058611,0.526429,-0.022959,-0.012639,-0.014049
-0.007106,-0.058106,0.528118,-0.025860,-0.010121,-0.014945
-0.007931,-0.058847,0.529393,-0.027918,-0.006485,-0.015861
-0.009012,-0.060498,0.529856,-0.029025,-0.002391,-0.016690
-0.010135,-0.062377,0.530124,-0.029291,0.001340,-0.017543
-0.011509,-0.063770,0.530953,-0.028903,0.003944,-0.018580
-0.013451,-0.064706,0.532487,-0.028085,0.004950,-0.019646
-0.015609,-0.065839,0.534177,-0.026976,0.004479,-0.020327
-0.017102,-0.067819,0.534906,-0.025477,0.003097,-0.020156
-0.018409,-0.072522,0.533904,-0.023340,0.001277,-0.021136
-0.021814,-0.081377,0.531754,-0.021142,-0.000547,-0.027705
-0.027345,-0.090238,0.529829,-0.020263,-0.001534,-0.038479
-0.031493,-0.092915,0.528890,-0.021201,-0.000891,-0.045951
-0.031789,-0.088542,0.528792,-0.023128,0.001195,-0.046352
-0.029126,-0.080581,0.529146,-0.024603,0.003536,-0.041545
-0.025682,-0.072811,0.529652,-0.024374,0.004869,-0.034951
-0.022743,-0.067293,0.530212,-0.022700,0.004765,-0.029070
-0.020758,-0.064356,0.530832,-0.021136,0.003655,-0.024776
-0.019917,-0.063630,0.531119,-0.020673,0.002290,-0.022025
-0.019886,-0.064997,0.530343,-0.020717,0.001379,-0.020568
-0.020125,-0.068789,0.528113,-0.019833,0.001451,-0.020219
-0.020301,-0.073817,0.524963,-0.018036,0.002716,-0.020738
-0.020234,-0.077034,0.522312,-0.017212,0.004884,-0.021721
-0.019925,-0.076728,0.521289,-0.018599,0.007351,-0.022944
-0.019303,-0.074131,0.521808,-0.021441,0.009832,-0.024523
-0.018266,-0.071723,0.523135,-0.023789,0.012680,-0.026551
-0.016971,-0.071490,0.524738,-0.023963,0.016760,-0.028915
-0.015771,-0.074348,0.526414,-0.021975,0.022790,-0.031277
-0.015132,-0.079147,0.527807,-0.019523,0.030589,-0.033017
-0.015233,-0.083042,0.528709,-0.018081,0.039192,-0.033751
-0.015928,-0.083945,0.529384,-0.017758,0.047251,-0.033630
-0.017192,-0.081778,0.529504,-0.018018,0.053503,-0.032877
-0.019115,-0.078044,0.528096,-0.018575,0.057195,-0.031614
-0.022112,-0.074852,0.525455,-0.019913,0.057988,-0.029971
-0.026773,-0.073768,0.523594,-0.022724,0.055872,-0.028117
-0.032389,-0.074659,0.523658,-0.026763,0.050940,-0.026307
-0.036836,-0.076024,0.524559,-0.030906,0.043359,-0.024814
-0.038527,-0.076939,0.524777,-0.034006,0.033761,-0.023731
-0.037413,-0.077515,0.524012,-0.035422,0.023200,-0.022919
-0.034387,-0.077539,0.522799,-0.035294,0.012998,-0.022158
-0.030538,-0.076549,0.521204,-0.034526,0.004540,-0.021281
-0.026770,-0.075134,0.519070,-0.033974,-0.001300,-0.020343
-0.023354,-0.074472,0.516772,-0.033728,-0.004386,-0.019679
-0.020149,-0.075142,0.514833,-0.033382,-0.005172,-0.019552
-0.017686,-0.077055,0.513821,-0.032528,-0.004613,-0.019882
-0.016903,-0.078964,0.514114,-0.031062,-0.003836,-0.020349
-0.017849,-0.078465,0.515185,-0.029526,-0.003491,-0.020459
-0.019487,-0.075011,0.515853,-0.028949,-0.003355,-0.019704
-0.020589,-0.071300,0.515680,-0.029894,-0.002775,-0.018057
-0.020750,-0.069985,0.515646,-0.031912,-0.001608,-0.016135
-0.020249,-0.071424,0.516798,-0.034050,-0.000366,-0.014707
-0.019464,-0.074614,0.519178,-0.035417,0.000476,-0.014205
-0.018991,-0.078234,0.522297,-0.035465,0.000805,-0.014542
-0.019427,-0.080931,0.525407,-0.033927,0.000639,-0.015515
-0.020868,-0.081643,0.527663,-0.030867,0.000029,-0.017051
-0.022868,-0.080168,0.528734,-0.027382,-0.000782,-0.018550
-0.024665,-0.077293,0.528929,-0.025146,-0.001357,-0.019188
-0.025679,-0.074181,0.528914,-0.024742,-0.001513,-0.019018
-0.025816,-0.071810,0.529103,-0.025326,-0.001687,-0.018659
-0.025236,-0.070793,0.528871,-0.025732,-0.002509,-0.018494
-0.024064,-0.071019,0.527382,-0.025488,-0.003958,-0.018629
-0.022323,-0.071645,0.525194,-0.024884,-0.005313,-0.019025
-0.020318,-0.072432,0.523695,-0.024365,-0.005879,-0.019399
-0.018810,-0.073952,0.523621,-0.024047,-0.005450,-0.019434
-0.018202,-0.075878,0.524836,-0.023669,-0.004312,-0.019159
-0.017966,-0.077040,0.526384,-0.022841,-0.003123,-0.018802
-0.017553,-0.076802,0.526991,-0.021479,-0.002633,-0.018593
-0.017223,-0.075170,0.526352,-0.020221,-0.003118,-0.018898
-0.017377,-0.072678,0.525022,-0.020000,-0.004006,-0.020016
-0.018086,-0.070649,0.523438,-0.021122,-0.004483,-0.021799
-0.019413,-0.070423,0.522069,-0.023100,-0.004348,-0.023706
-0.021247,-0.072311,0.521480,-0.025135,-0.003884,-0.025112
-0.023071,-0.075777,0.521711,-0.026442,-0.003280,-0.025662
-0.024441,-0.079939,0.522322,-0.026517,-0.002505,-0.025449
-0.025340,-0.083673,0.523041,-0.025725,-0.001512,-0.024730
-0.025970,-0.085989,0.523992,-0.025096,-0.000400,-0.023714
-0.026586,-0.086660,0.525295,-0.025080,0.000636,-0.022608
-0.027411,-0.086356,0.526614,-0.025304,0.001440,-0.021529
-0.028304,-0.085986,0.527326,-0.025334,0.002008,-0.020508
-0.028662,-0.086053,0.527272,-0.025004,0.002503,-0.019617
-0.028045,-0.086699,0.526870,-0.024370,0.002965,-0.018774
-0.026696,-0.087823,0.526239,-0.023581,0.003213,-0.017756
-0.025106,-0.088592,0.525320,-0.022822,0.003118,-0.016599
-0.023501,-0.087524,0.524470,-0.022399,0.002705,-0.015651
-0.021839,-0.083896,0.523819,-0.022448,0.002045,-0.015344
-0.020089,-0.078568,0.523114,-0.022855,0.001276,-0.015917
-0.018672,-0.073465,0.522336,-0.023743,0.000695,-0.017113
-0.018124,-0.070706,0.521871,-0.025165,0.000510,-0.018292
-0.018489,-0.071282,0.522170,-0.026703,0.000721,-0.018998
-0.019562,-0.074413,0.523124,-0.028002,0.001295,-0.019128
-0.021208,-0.078704,0.524077,-0.028934,0.002021,-0.018656
-0.023312,-0.083089,0.524777,-0.029324,0.002549,-0.017593
-0.025452,-0.086584,0.525713,-0.028902,0.002622,-0.016151
-0.027060,-0.088339,0.527046,-0.027464,0.002138,-0.014619
-0.027903,-0.087998,0.527975,-0.025249,0.001296,-0.013154
-0.027959,-0.085760,0.527843,-0.022945,0.000548,-0.011892
-0.027189,-0.082383,0.527108,-0.021258,0.000251,-0.011115
-0.025594,-0.079078,0.526695,-0.020502,0.000494,-0.011028
-0.023360,-0.077044,0.526909,-0.020379,0.001066,-0.011452
-0.020915,-0.076753,0.527203,-0.020341,0.001610,-0.012031
-0.018619,-0.077825,0.526716,-0.020093,0.001836,-0.012468
-0.016720,-0.079942,0.524955,-0.019450,0.001556,-0.012557
-0.015541,-0.083249,0.522123,-0.018171,0.000833,-0.012333
-,-,-,-,-,-
-0.000197,-0.001637,0.009248,-0.000213,0.000086,-0.000291
-0.001071,-0.009163,0.053339,-0.001182,0.000534,-0.001757
-0.002777,-0.024455,0.147896,-0.003181,0.001684,-0.005218
-0.004928,-0.043362,0.273968,-0.006004,0.003598,-0.010454
-0.007193,-0.060081,0.396086,-0.009527,0.005782,-0.016300
-0.009600,-0.071468,0.488487,-0.013470,0.007269,-0.021669
-0.012381,-0.077129,0.542537,-0.016932,0.007195,-0.026106
-0.015511,-0.078647,0.562658,-0.019013,0.005542,-0.029186
-0.018770,-0.078660,0.559687,-0.019744,0.003052,-0.030251
-0.022015,-0.079270,0.545922,-0.019852,0.000503,-0.029133
-0.024885,-0.080817,0.531383,-0.019747,-0.001591,-0.026417
-0.026894,-0.082475,0.521533,-0.019248,-0.003106,-0.022947
-0.027866,-0.083741,0.517376,-0.018092,-0.004129,-0.019420
-0.028124,-0.084494,0.517507,-0.016347,-0.004468,-0.016294
-0.028231,-0.084396,0.520109,-0.014371,-0.003747,-0.013818
-0.028656,-0.083144,0.523558,-0.012492,-0.002010,-0.012146
-0.029719,-0.080721,0.526589,-0.010909,0.000125,-0.011387
-0.031404,-0.077426,0.528922,-0.009663,0.001859,-0.011576
-0.033392,-0.074182,0.531057,-0.008414,0.002540,-0.012596
-0.035385,-0.072231,0.533277,-0.006664,0.001919,-0.014135
-0.036969,-0.071960,0.535392,-0.004568,0.000323,-0.015655
-0.037515,-0.072812,0.536942,-0.003032,-0.001698,-0.016419
-0.036681,-0.074260,0.537599,-0.002796,-0.003733,-0.015887
-0.034781,-0.076062,0.537747,-0.003772,-0.005532,-0.014160
-0.032493,-0.077992,0.538134,-0.005108,-0.007038,-0.011736
-0.030444,-0.079885,0.538865,-0.005603,-0.008226,-0.009075
-0.028759,-0.081512,0.539210,-0.004486,-0.008744,-0.006576
-0.026763,-0.081980,0.538214,-0.002215,-0.008037,-0.004694
-0.023858,-0.080309,0.535277,-0.000123,-0.005878,-0.003772
-0.020642,-0.076922,0.530805,0.000828,-0.002629,-0.003848
-0.018323,-0.073296,0.526124,0.000612,0.000930,-0.004782
-0.017118,-0.070395,0.522270,-0.000232,0.003953,-0.006430
-0.015910,-0.068432,0.519514,-0.001199,0.005929,-0.008733
-0.013856,-0.067449,0.517879,-0.002165,0.006864,-0.011591
-0.011430,-0.067507,0.517371,-0.003294,0.007001,-0.014488
-0.009476,-0.068429,0.517879,-0.004586,0.006473,-0.016517
-0.008418,-0.069562,0.519071,-0.005674,0.005234,-0.016994
-0.008345,-0.069924,0.520488,-0.006288,0.003414,-0.016126
-0.008781,-0.068641,0.521463,-0.006638,0.001726,-0.014973
-0.009153,-0.065589,0.521219,-0.007232,0.001105,-0.014551
-0.009839,-0.061747,0.519884,-0.008546,0.001949,-0.015178
-0.011528,-0.058521,0.518695,-0.010715,0.003991,-0.016642
-0.014114,-0.056916,0.518829,-0.013333,0.006657,-0.018621
-0.017304,-0.057484,0.520616,-0.015645,0.009137,-0.020752
-0.021343,-0.060333,0.523589,-0.017104,0.010443,-0.022477
-0.026008,-0.064905,0.526761,-0.017819,0.010192,-0.023273
-0.029954,-0.070226,0.529157,-0.018275,0.008981,-0.022982
-0.032147,-0.075078,0.530615,-0.018776,0.007601,-0.021762
-0.033119,-0.078682,0.531536,-0.019327,0.006564,-0.020838
-0.034168,-0.081227,0.531851,-0.019761,0.006110,-0.022186
-0.035444,-0.082154,0.531012,-0.019732,0.006105,-0.025203
-0.035784,-0.080121,0.528610,-0.019030,0.006243,-0.026974
-0.034349,-0.075228,0.524994,-0.018061,0.006394,-0.026351
-0.031237,-0.069099,0.521531,-0.017454,0.006606,-0.024354
-0.027265,-0.063783,0.519227,-0.017455,0.006868,-0.022216
-0.023606,-0.060859,0.517801,-0.018150,0.007014,-0.020460
-0.021033,-0.060856,0.516890,-0.019668,0.006937,-0.018831
-0.019980,-0.063454,0.516491,-0.021798,0.006767,-0.016751
-0.020797,-0.067728,0.516452,-0.023935,0.006797,-0.013871
-0.022917,-0.072151,0.516713,-0.025489,0.007158,-0.010497
-0.024937,-0.075001,0.517196,-0.026020,0.007506,-0.007367
-0.025822,-0.075187,0.517416,-0.025438,0.007426,-0.005162
-0.025368,-0.072894,0.516946,-0.024171,0.007001,-0.004266
-0.024136,-0.069484,0.515828,-0.022766,0.006570,-0.004487
-0.023124,-0.066525,0.514443,-0.021623,0.006327,-0.005154
-0.023115,-0.065043,0.513356,-0.020926,0.006282,-0.005640
-0.024012,-0.065214,0.513048,-0.020509,0.006149,-0.005673
-0.025008,-0.066287,0.513584,-0.019981,0.005261,-0.005355
-0.025452,-0.067228,0.514590,-0.019052,0.003050,-0.004954
-0.025252,-0.067233,0.515748,-0.017646,-0.000568,-0.004664
-0.024575,-0.065818,0.517053,-0.015817,-0.005176,-0.004577
-0.023468,-0.063524,0.518186,-0.013751,-0.009713,-0.004781
-0.022096,-0.061613,0.518701,-0.011557,-0.012867,-0.005345
-0.020944,-0.060070,0.518970,-0.009539,-0.014015,-0.006154
-0.020334,-0.058153,0.519728,-0.008614,-0.013732,-0.006674
-0.020183,-0.056694,0.520945,-0.009279,-0.013371,-0.006277
-0.020632,-0.057036,0.522571,-0.011123,-0.013724,-0.004850
-0.020632,-0.057045,0.525783,-0.013728,-0.013793,-0.002714
-0.017336,-0.051546,0.531130,-0.017099,-0.011845,-0.000614
-0.011291,-0.041552,0.536650,-0.020884,-0.008141,0.000305
-0.006860,-0.035088,0.539837,-0.023840,-0.004547,-0.000802
-0.006498,-0.036124,0.540275,-0.025167,-0.002104,-0.003843
-0.009977,-0.042399,0.539330,-0.025195,-0.001121,-0.007701
-0.015714,-0.050414,0.538052,-0.024271,-0.001954,-0.010936
-0.021102,-0.057639,0.536322,-0.022485,-0.004539,-0.012790
-0.024015,-0.062496,0.533895,-0.020400,-0.007920,-0.013385
-0.024060,-0.064225,0.531565,-0.018991,-0.010470,-0.013229
-0.022473,-0.063875,0.530734,-0.018760,-0.010930,-0.012817
-0.020957,-0.063581,0.531977,-0.019370,-0.009498,-0.012563
-0.020143,-0.064133,0.534486,-0.020150,-0.007629,-0.012739
-0.019476,-0.064754,0.536820,-0.020650,-0.006822,-0.013423
-0.019462,-0.064507,0.538391,-0.020482,-0.008095,-0.014773
-0.023278,-0.062567,0.540396,-0.019636,-0.011836,-0.016587
-0.032407,-0.058980,0.543849,-0.019365,-0.016538,-0.017651
-0.041835,-0.055849,0.546729,-0.020744,-0.019085,-0.017351
-0.045365,-0.055263,0.545980,-0.023324,-0.017720,-0.016520
-0.042363,-0.057153,0.541428,-0.026208,-0.013475,-0.015816
-0.036404,-0.060927,0.535249,-0.028602,-0.008525,-0.015477
-0.031132,-0.066161,0.529498,-0.029759,-0.004377,-0.016101
-0.027578,-0.071027,0.525221,-0.029387,-0.001715,-0.017918
-0.025164,-0.073387,0.522800,-0.028195,-0.000725,-0.019779
-0.023679,-0.072985,0.522263,-0.027279,-0.001028,-0.020291
-0.023091,-0.071098,0.523110,-0.026949,-0.001926,-0.019289
-0.023497,-0.069203,0.524509,-0.026897,-0.002833,-0.017383
-0.024966,-0.068207,0.525806,-0.026648,-0.003418,-0.015034
-0.027003,-0.068290,0.526941,-0.025797,-0.003699,-0.012396
-0.028511,-0.069253,0.528017,-0.024267,-0.003908,-0.009623
-0.028404,-0.071176,0.528357,-0.022280,-0.004174,-0.007160
-0.026296,-0.073838,0.527074,-0.020423,-0.004397,-0.005665
-0.022606,-0.076125,0.524401,-0.019376,-0.004522,-0.005459
-0.018463,-0.077056,0.521469,-0.019347,-0.004856,-0.006160
-0.014967,-0.076331,0.519186,-0.020008,-0.005605,-0.007036
-0.012240,-0.073828,0.517929,-0.020996,-0.006356,-0.007518
-0.011287,-0.069198,0.518415,-0.022721,-0.007085,-0.007339
-0.016056,-0.063985,0.521721,-0.025963,-0.008600,-0.006490
-0.028125,-0.060961,0.527461,-0.030591,-0.010235,-0.005598
-0.041389,-0.058846,0.533453,-0.035530,-0.009632,-0.006077
-0.047709,-0.054836,0.537258,-0.039619,-0.006127,-0.008821
-0.044597,-0.050428,0.537509,-0.042289,-0.001694,-0.012751
-0.035531,-0.049327,0.534848,-0.043350,0.001531,-0.015808
-0.025381,-0.052955,0.531120,-0.042864,0.002939,-0.016872
-0.016656,-0.059493,0.527381,-0.041300,0.003039,-0.016037
-0.009970,-0.066262,0.523426,-0.039189,0.002558,-0.014146
-0.005578,-0.071723,0.519301,-0.037244,0.002021,-0.012226
-0.003337,-0.075091,0.516387,-0.036186,0.001636,-0.011093
-0.002923,-0.075738,0.515743,-0.036231,0.001503,-0.011456
-0.004223,-0.073039,0.516888,-0.037434,0.001951,-0.013927
-0.006995,-0.067088,0.519237,-0.039738,0.003402,-0.018691
-,-,-,-,-,-
-0.000855,-0.001553,0.009865,-0.000576,0.000395,-0.000545
-0.004218,-0.009178,0.055944,-0.003260,0.002829,-0.003086
-0.009203,-0.025947,0.152452,-0.008915,0.009571,-0.008459
-0.012073,-0.048797,0.278136,-0.016594,0.020876,-0.015487
-0.011127,-0.070969,0.397649,-0.024942,0.034065,-0.021764
-0.007827,-0.086485,0.486440,-0.032941,0.045834,-0.025442
-0.003948,-0.093058,0.536244,-0.039450,0.054089,-0.026344
-0.001640,-0.092706,0.552642,-0.043809,0.057896,-0.025432
-0.003523,-0.089188,0.548156,-0.046164,0.057620,-0.024036
-0.009202,-0.085089,0.535094,-0.046664,0.054696,-0.023499
-0.015263,-0.081600,0.522157,-0.045607,0.050272,-0.024391
-0.019975,-0.079678,0.513296,-0.043871,0.044790,-0.026081
-0.024169,-0.079937,0.509639,-0.042057,0.038609,-0.027461
-0.028670,-0.082235,0.512040,-0.039697,0.032294,-0.027859
-0.033371,-0.085313,0.519260,-0.036042,0.026562,-0.027133
-0.037182,-0.086719,0.526842,-0.031214,0.022168,-0.025426
-0.038135,-0.084707,0.530467,-0.026062,0.019996,-0.023025
-0.034625,-0.080311,0.528829,-0.021786,0.021146,-0.019989
-0.027485,-0.076383,0.523404,-0.019716,0.026063,-0.016362
-0.020246,-0.074996,0.517040,-0.020434,0.033212,-0.013023
-0.016422,-0.075943,0.512698,-0.023232,0.039627,-0.011428
-0.017256,-0.077331,0.512392,-0.026767,0.042928,-0.011932
-0.021328,-0.078030,0.516237,-0.029967,0.042554,-0.013384
-0.025926,-0.078492,0.522502,-0.032077,0.039298,-0.014443
-0.030005,-0.079379,0.529175,-0.032359,0.033991,-0.014253
-0.034054,-0.080518,0.534746,-0.030684,0.027466,-0.012788
-0.037218,-0.080613,0.538193,-0.027717,0.020981,-0.011080
-0.038110,-0.078724,0.539311,-0.023791,0.015459,-0.010216
-0.037025,-0.075451,0.537721,-0.019204,0.011079,-0.010516
-0.034195,-0.071952,0.532733,-0.015459,0.007711,-0.011624
-0.029041,-0.069788,0.525442,-0.014185,0.005071,-0.012533
-0.022915,-0.070609,0.518826,-0.015322,0.002993,-0.012558
-0.018991,-0.074365,0.515214,-0.017229,0.001752,-0.012510
-0.019248,-0.079041,0.514848,-0.018320,0.001693,-0.013570
-0.022984,-0.082523,0.516281,-0.018277,0.002853,-0.015597
-0.028094,-0.083965,0.517620,-0.017509,0.004840,-0.017206
-0.033034,-0.083544,0.518058,-0.016216,0.007094,-0.017290
-0.036582,-0.081924,0.517880,-0.014304,0.009345,-0.016250
-0.037881,-0.079937,0.517301,-0.011823,0.011248,-0.015362
-0.037441,-0.078206,0.516110,-0.009413,0.012413,-0.015565
-0.036225,-0.076643,0.514327,-0.007937,0.013101,-0.017219
-0.034869,-0.074664,0.512597,-0.007695,0.013579,-0.020063
-0.034221,-0.072432,0.511364,-0.008603,0.013695,-0.023236
-0.034847,-0.071261,0.510590,-0.010597,0.013695,-0.025634
-0.035966,-0.071814,0.510593,-0.013672,0.014035,-0.026453
-0.036125,-0.072831,0.512018,-0.017845,0.014530,-0.025750
-0.035140,-0.073068,0.514955,-0.022460,0.014180,-0.024277
-0.034507,-0.072988,0.518694,-0.026135,0.011966,-0.022649
-0.035864,-0.073882,0.522069,-0.027889,0.008052,-0.020939
-0.039287,-0.076560,0.524173,-0.027663,0.003748,-0.019007
-0.042946,-0.080571,0.524760,-0.026404,0.000511,-0.016881
-0.044899,-0.084501,0.524106,-0.025631,-0.000980,-0.014751
-0.044811,-0.087065,0.523190,-0.026270,-0.001136,-0.012824
-0.043270,-0.087778,0.523272,-0.028054,-0.000853,-0.011291
-0.041094,-0.086978,0.524925,-0.029854,-0.000769,-0.010285
-0.039666,-0.085237,0.528007,-0.030611,-0.001101,-0.009739
-0.040376,-0.083211,0.531819,-0.030171,-0.001843,-0.009369
-0.043378,-0.081644,0.535099,-0.029321,-0.002828,-0.008973
-0.047098,-0.080791,0.536645,-0.028808,-0.003930,-0.008485
-0.049507,-0.080510,0.536095,-0.028404,-0.005000,-0.007838
-0.049746,-0.080785,0.534203,-0.027495,-0.005591,-0.007018
-0.048560,-0.081762,0.532375,-0.025931,-0.005565,-0.006052
-0.047588,-0.083495,0.531544,-0.023870,-0.005472,-0.005045
-0.047591,-0.085512,0.531558,-0.021592,-0.006065,-0.004174
-0.047683,-0.086697,0.531658,-0.019631,-0.007699,-0.003405
-0.046643,-0.085982,0.530848,-0.018521,-0.009944,-0.002504
-0.043859,-0.083330,0.528349,-0.018419,-0.011904,-0.001471
-0.039279,-0.080515,0.524454,-0.018758,-0.013025,-0.000767
-0.033795,-0.080370,0.520022,-0.018586,-0.013287,-0.000990
-0.029194,-0.083312,0.515874,-0.017993,-0.012764,-0.001971
-0.026924,-0.085966,0.513089,-0.017918,-0.011559,-0.002513
-0.027216,-0.085005,0.512379,-0.018410,-0.009958,-0.001812
-0.028953,-0.081793,0.512411,-0.017869,-0.008352,-0.000419
-0.030386,-0.080178,0.510761,-0.014769,-0.007218,0.000891
-0.030938,-0.079459,0.507950,-0.010792,-0.006933,0.002097
-0.030982,-0.076437,0.506644,-0.009168,-0.007724,0.003000
-0.030057,-0.071246,0.507568,-0.010628,-0.009927,0.002781
-0.027560,-0.066435,0.509647,-0.013814,-0.013509,0.001312
-0.024439,-0.064926,0.511787,-0.017028,-0.017604,-0.000404
-0.022594,-0.067962,0.513509,-0.019053,-0.020822,-0.001402
-0.022512,-0.073308,0.514799,-0.020082,-0.021925,-0.001610
-0.022796,-0.077824,0.515686,-0.020405,-0.020744,-0.001801
-0.022658,-0.080451,0.516353,-0.019151,-0.018242,-0.002778
-0.023376,-0.080881,0.517329,-0.016893,-0.015842,-0.004202
-0.026311,-0.079103,0.518814,-0.016016,-0.014694,-0.004906
-0.030237,-0.075855,0.520180,-0.017846,-0.014434,-0.004282
-0.032345,-0.071859,0.520781,-0.021779,-0.013613,-0.002686
-0.031460,-0.068355,0.520545,-0.025819,-0.011775,-0.001047
-0.028456,-0.066525,0.519718,-0.028105,-0.009684,-0.000278
-0.025132,-0.066647,0.518941,-0.028294,-0.008192,-0.000653
-0.023010,-0.068466,0.518757,-0.027032,-0.007575,-0.001586
-0.022352,-0.071487,0.518870,-0.025052,-0.007640,-0.002121
-0.022761,-0.075757,0.518748,-0.023053,-0.008152,-0.001670
-0.023835,-0.081354,0.518163,-0.021901,-0.008682,-0.000368
-0.025542,-0.086777,0.517295,-0.022176,-0.008758,0.001142
-0.028043,-0.090019,0.516747,-0.023617,-0.008300,0.002351
-0.031069,-0.090820,0.517121,-0.025573,-0.007489,0.003253
-0.034103,-0.090523,0.518521,-0.027342,-0.006835,0.004014
-0.036292,-0.090464,0.520644,-0.028077,-0.007144,0.004575
-0.036752,-0.091229,0.523311,-0.027215,-0.008899,0.004772
-0.035807,-0.092989,0.526186,-0.024924,-0.011875,0.004510
-0.034160,-0.095168,0.528357,-0.021996,-0.015310,0.003786
-0.031367,-0.096097,0.529256,-0.019436,-0.018328,0.002776
-0.026894,-0.094398,0.529333,-0.017965,-0.020437,0.001683
-0.021305,-0.090237,0.529193,-0.017807,-0.021538,0.000574
-0.015746,-0.084995,0.528870,-0.018733,-0.021504,-0.000577
-0.011333,-0.080310,0.527981,-0.020280,-0.020043,-0.001819
-0.008657,-0.077572,0.526323,-0.022082,-0.016945,-0.003136
-0.007453,-0.077739,0.524489,-0.023887,-0.012593,-0.004339
-0.007619,-0.080914,0.523330,-0.025365,-0.008205,-0.005144
-0.009774,-0.086104,0.522982,-0.026205,-0.005115,-0.005405
-0.013799,-0.091697,0.523231,-0.026244,-0.003836,-0.005301
-0.018391,-0.096392,0.524037,-0.025294,-0.004030,-0.005227
-0.022410,-0.099392,0.525169,-0.023250,-0.005082,-0.005395
-0.025346,-0.100090,0.526299,-0.020498,-0.006606,-0.005642
-0.026812,-0.098260,0.527136,-0.017854,-0.008455,-0.005689
-0.026623,-0.094390,0.527055,-0.016116,-0.010470,-0.005480
-0.025089,-0.089594,0.525553,-0.015778,-0.012345,-0.005207
-0.022864,-0.085156,0.523157,-0.016975,-0.013601,-0.005093
-0.020818,-0.082125,0.521229,-0.019418,-0.013836,-0.005221
-0.019899,-0.081138,0.520971,-0.022459,-0.013041,-0.005512
-0.020616,-0.082260,0.522758,-0.025335,-0.011595,-0.005788
-0.022717,-0.085310,0.526227,-0.026999,-0.010129,-0.006012
-0.025560,-0.090105,0.530603,-0.026334,-0.009343,-0.006254
-0.028371,-0.095318,0.534617,-0.023640,-0.009373,-0.006212
-0.030102,-0.098292,0.536764,-0.020690,-0.009356,-0.005465
-0.029912,-0.097233,0.536456,-0.018935,-0.008160,-0.004166
-0.028137,-0.092908,0.534767,-0.018730,-0.005530,-0.002870
-,-,-,-,-,-
-0.000546,-0.001538,0.009608,-0.000271,-0.000072,-0.000045
