-,-,-,-,-,-
-0.001536,-0.000223,0.010645,-0.002750,0.001127,0.000396
-0.009125,-0.000950,0.061316,-0.016178,0.005801,0.002088
-0.026431,-0.002852,0.169479,-0.045318,0.012984,0.005136
-0.048984,-0.008333,0.309518,-0.083579,0.016649,0.006737
-0.064075,-0.019186,0.434695,-0.118395,0.012117,0.001105
-0.064764,-0.032419,0.517758,-0.141325,-0.001334,-0.015828
-0.059062,-0.043912,0.558876,-0.150802,-0.023340,-0.040947
-0.054256,-0.054262,0.563225,-0.150171,-0.050185,-0.066174
-0.045051,-0.064426,0.532859,-0.144974,-0.073019,-0.085415
-0.030848,-0.071234,0.484768,-0.138482,-0.087349,-0.095855
-0.024598,-0.072117,0.447921,-0.130799,-0.096812,-0.095957
-0.034705,-0.066874,0.436826,-0.123507,-0.105385,-0.083769
-0.054317,-0.056098,0.446255,-0.118342,-0.117963,-0.056477
-0.069488,-0.045182,0.464714,-0.112038,-0.141938,-0.018108
-0.073199,-0.041956,0.482768,-0.099946,-0.177594,0.019573
-0.069345,-0.047932,0.494492,-0.081950,-0.216240,0.049507
-0.062539,-0.058952,0.497476,-0.060670,-0.248728,0.072264
-0.053030,-0.069698,0.492824,-0.038127,-0.268375,0.089804
-0.041757,-0.076170,0.484606,-0.015747,-0.272452,0.103660
-0.031160,-0.077240,0.477790,0.005130,-0.264221,0.115100
-0.022585,-0.073132,0.475322,0.022768,-0.250787,0.124153
-0.016552,-0.065477,0.477526,0.034639,-0.240057,0.129845
-0.011550,-0.058196,0.482886,0.038779,-0.237475,0.131558
-0.004689,-0.053499,0.489466,0.035558,-0.243190,0.129353
0.003327,-0.051125,0.495897,0.026873,-0.253876,0.124530
0.008963,-0.051278,0.500279,0.014237,-0.266610,0.120054
0.012855,-0.055314,0.499291,0.000208,-0.278217,0.116785
0.020761,-0.065563,0.490890,-0.010365,-0.283200,0.111835
0.035909,-0.078032,0.480072,-0.014337,-0.276718,0.103956
0.055489,-0.082268,0.476391,-0.011819,-0.258087,0.094685
0.075175,-0.076306,0.484202,-0.002667,-0.229586,0.085248
0.092538,-0.068265,0.501499,0.013376,-0.194351,0.076309
0.107419,-0.064021,0.524035,0.034753,-0.154520,0.069868
0.118302,-0.063480,0.546444,0.058668,-0.110811,0.069206
0.119467,-0.065010,0.562839,0.079707,-0.066495,0.072189
0.110166,-0.067008,0.568365,0.091096,-0.027474,0.071280
0.100066,-0.066297,0.562449,0.091856,0.005400,0.063617
0.096053,-0.059813,0.550998,0.087095,0.037042,0.052775
0.094474,-0.047630,0.542891,0.080669,0.068374,0.041644
0.090576,-0.033021,0.542904,0.072671,0.093331,0.029301
0.084099,-0.020914,0.548905,0.062414,0.105721,0.014997
0.076705,-0.014546,0.555868,0.050958,0.104400,0.000787
0.070583,-0.013060,0.560429,0.040020,0.093528,-0.011300
0.067019,-0.013730,0.561781,0.029203,0.079652,-0.021602
0.065135,-0.014641,0.560937,0.016465,0.068439,-0.032223
0.062848,-0.014686,0.559887,0.001221,0.063377,-0.045137
0.057915,-0.014443,0.559905,-0.014407,0.065145,-0.059816
0.048687,-0.016314,0.560227,-0.027549,0.070930,-0.073233
0.036100,-0.021089,0.558902,-0.036442,0.076032,-0.082351
0.023419,-0.026820,0.554824,-0.040375,0.077638,-0.085668
0.013195,-0.031452,0.548130,-0.039612,0.076067,-0.084038
0.006383,-0.034286,0.539258,-0.035105,0.072126,-0.080297
0.003024,-0.035045,0.529165,-0.028227,0.065283,-0.077014
0.002755,-0.033384,0.519170,-0.021435,0.054996,-0.076216
0.005811,-0.029281,0.510496,-0.017916,0.042855,-0.080427
0.012158,-0.023412,0.504861,-0.019503,0.032529,-0.090671
0.019269,-0.017759,0.503536,-0.025316,0.026496,-0.104309
0.023272,-0.014497,0.505944,-0.032540,0.023919,-0.116363
0.022027,-0.014479,0.510268,-0.038064,0.022690,-0.122602
0.016412,-0.017748,0.514418,-0.040334,0.021062,-0.121664
0.009829,-0.023558,0.517056,-0.040256,0.017317,-0.114243
0.005947,-0.030181,0.518323,-0.039559,0.010444,-0.101266
0.005610,-0.036003,0.519284,-0.038747,0.000601,-0.083204
0.006925,-0.039793,0.521196,-0.037560,-0.011718,-0.060372
0.008547,-0.040985,0.525001,-0.036090,-0.025917,-0.033946
0.009995,-0.040482,0.530922,-0.034394,-0.041058,-0.005964
0.010391,-0.040002,0.538391,-0.032197,-0.056483,0.020155
0.010348,-0.040593,0.546125,-0.029110,-0.071962,0.038945
0.012316,-0.041419,0.552536,-0.024929,-0.086241,0.046120
0.018118,-0.040136,0.556244,-0.020134,-0.096872,0.041280
0.027888,-0.035535,0.555991,-0.015738,-0.101672,0.026898
0.040040,-0.029032,0.551065,-0.012864,-0.099457,0.007365
0.052274,-0.022922,0.542483,-0.012325,-0.090166,-0.011807
0.062817,-0.018573,0.532935,-0.013914,-0.074951,-0.026119
0.070034,-0.016563,0.525165,-0.016409,-0.056099,-0.033832
0.072685,-0.016971,0.520601,-0.018635,-0.036518,-0.035514
0.070820,-0.019293,0.519465,-0.020382,-0.018758,-0.032765
0.065569,-0.022917,0.521500,-0.021970,-0.004523,-0.027651
0.058869,-0.027324,0.526031,-0.023365,0.005362,-0.022228
0.052693,-0.031702,0.531535,-0.024367,0.010891,-0.017836
0.048202,-0.034968,0.535596,-0.025300,0.012712,-0.014685
0.045766,-0.036316,0.536084,-0.026758,0.012358,-0.012075
0.044706,-0.035638,0.533205,-0.028977,0.011753,-0.009440
0.043828,-0.033501,0.529633,-0.031951,0.011748,-0.007705
0.042832,-0.030454,0.527701,-0.035495,0.011921,-0.008857
0.042302,-0.026650,0.527325,-0.039186,0.011719,-0.013562
0.042886,-0.022598,0.526813,-0.042864,0.011217,-0.020275
0.044779,-0.019302,0.524879,-0.046987,0.011008,-0.026688
0.047339,-0.017549,0.521969,-0.052178,0.011429,-0.031139
0.049425,-0.017916,0.519571,-0.058340,0.012336,-0.032881
0.049953,-0.020738,0.518669,-0.064293,0.013901,-0.031533
0.047787,-0.025606,0.519596,-0.068547,0.016247,-0.026739
0.042661,-0.031433,0.522493,-0.070363,0.018463,-0.018604
0.036260,-0.036929,0.526866,-0.070097,0.019053,-0.008666
0.030889,-0.040933,0.531165,-0.068942,0.016961,0.000172
0.028352,-0.042806,0.533432,-0.068288,0.012656,0.005596
0.029620,-0.042916,0.532634,-0.069205,0.008178,0.006954
0.033986,-0.041766,0.529640,-0.072496,0.005561,0.004809
0.039524,-0.039460,0.526227,-0.078385,0.005883,0.000628
0.044486,-0.036763,0.523363,-0.086357,0.009567,-0.003874
0.046996,-0.034028,0.522236,-0.096539,0.016294,-0.007503
0.045084,-0.031975,0.524779,-0.109104,0.024851,-0.010412
0.039556,-0.032888,0.531445,-0.122712,0.035090,-0.015450
0.033054,-0.036221,0.540754,-0.135390,0.049229,-0.026953
0.025308,-0.039495,0.549928,-0.143077,0.067058,-0.045787
0.014530,-0.042200,0.556133,-0.140410,0.080722,-0.067332
0.003071,-0.044668,0.557772,-0.125971,0.079624,-0.085457
-0.003496,-0.047602,0.554543,-0.103295,0.060025,-0.096005
-0.003115,-0.051458,0.548013,-0.077638,0.026411,-0.097265
0.001767,-0.055993,0.540735,-0.052528,-0.014022,-0.090554
0.008657,-0.060337,0.534669,-0.029281,-0.054435,-0.080182
0.016633,-0.062861,0.530755,-0.008412,-0.087539,-0.071485
0.024859,-0.062340,0.528787,0.010129,-0.106217,-0.068093
0.032000,-0.059232,0.527956,0.026311,-0.107282,-0.070242
0.037607,-0.056077,0.527399,0.038663,-0.093574,-0.075407
0.042242,-0.055121,0.526852,0.044551,-0.071626,-0.079927
0.045849,-0.055562,0.527181,0.042444,-0.048493,-0.080733
0.047662,-0.055390,0.529108,0.033579,-0.029691,-0.076713
0.047906,-0.054417,0.531512,0.021151,-0.017725,-0.068771
0.047868,-0.053695,0.532683,0.008691,-0.012105,-0.058912
0.048058,-0.053497,0.532807,-0.000900,-0.010339,-0.048871
0.048243,-0.053369,0.533443,-0.006467,-0.009525,-0.039390
0.048602,-0.053303,0.535258,-0.008809,-0.008116,-0.030558
0.049387,-0.053492,0.537482,-0.009306,-0.006201,-0.022242
0.050741,-0.053662,0.538884,-0.009029,-0.004477,-0.014647
0.052774,-0.053462,0.538913,-0.008541,-0.003141,-0.008766
0.054884,-0.052686,0.538059,-0.007888,-0.002048,-0.005744
0.056081,-0.051257,0.536815,-0.007117,-0.001374,-0.005623
-,-,-,-,-,-
0.000946,-0.000787,0.009578,-0.000169,0.000017,-0.000007
0.005429,-0.004625,0.055237,-0.000977,0.000098,-0.000058
0.014895,-0.013125,0.153236,-0.002650,0.000340,-0.000433
0.027212,-0.024805,0.284052,-0.004659,0.000856,-0.001813
0.039019,-0.036060,0.410632,-0.006331,0.001683,-0.004676
0.048314,-0.043711,0.505307,-0.007583,0.002850,-0.008513
0.054313,-0.046717,0.558412,-0.008771,0.004424,-0.012037
0.056986,-0.046168,0.575244,-0.010206,0.006211,-0.013932
0.057140,-0.044009,0.568392,-0.011949,0.007635,-0.013571
0.056036,-0.041767,0.550881,-0.013928,0.008226,-0.011626
0.054622,-0.040094,0.532354,-0.016105,0.008206,-0.009725
0.053182,-0.038839,0.518247,-0.018505,0.008229,-0.008994
0.051683,-0.037648,0.510356,-0.021179,0.008840,-0.009306
0.050001,-0.036876,0.507886,-0.024055,0.010738,-0.009812
0.047482,-0.037213,0.509286,-0.026775,0.014625,-0.009239
0.043366,-0.039047,0.513410,-0.028654,0.019797,-0.006335
0.038023,-0.042274,0.519155,-0.028970,0.024007,-0.000977
0.032804,-0.045947,0.524860,-0.027421,0.025503,0.005210
0.029197,-0.048925,0.528355,-0.024271,0.024456,0.009670
0.028662,-0.050673,0.528237,-0.020336,0.022492,0.010743
0.031425,-0.050929,0.525648,-0.016662,0.021230,0.008858
0.035489,-0.049644,0.523524,-0.013994,0.021265,0.006006
0.038443,-0.047357,0.523476,-0.012740,0.022285,0.003994
0.039193,-0.045043,0.524857,-0.013206,0.023815,0.003143
0.037952,-0.043618,0.526476,-0.015276,0.025810,0.002204
0.035486,-0.043248,0.527850,-0.017876,0.028136,-0.000725
0.032457,-0.043354,0.529009,-0.019484,0.029541,-0.006603
0.030056,-0.043703,0.529822,-0.019362,0.028386,-0.014368
0.029659,-0.044513,0.530296,-0.017567,0.024669,-0.021529
0.031071,-0.045614,0.531006,-0.014425,0.020053,-0.025734
0.032920,-0.046563,0.532349,-0.010619,0.016150,-0.026182
0.034526,-0.047137,0.533926,-0.007058,0.013878,-0.024030
0.036535,-0.047224,0.535025,-0.004566,0.013764,-0.021354
0.039525,-0.046536,0.535655,-0.003793,0.015632,-0.019568
0.042608,-0.044981,0.536380,-0.004896,0.018323,-0.018757
0.044212,-0.043245,0.536927,-0.007244,0.020365,-0.018331
0.043610,-0.042280,0.536431,-0.009799,0.020892,-0.017806
0.041428,-0.042560,0.534912,-0.011860,0.019950,-0.016913
0.038892,-0.044013,0.533415,-0.013190,0.018250,-0.015780
0.036612,-0.046197,0.532976,-0.013490,0.016627,-0.015203
0.034423,-0.048364,0.533692,-0.012347,0.015540,-0.015997
0.032241,-0.049679,0.534821,-0.009855,0.015040,-0.017860
0.030546,-0.049679,0.535625,-0.006961,0.014787,-0.019326
0.029940,-0.048370,0.535847,-0.004912,0.013915,-0.018888
0.030514,-0.046119,0.535455,-0.004430,0.011513,-0.015910
0.031961,-0.043502,0.534248,-0.005584,0.007344,-0.011047
0.034050,-0.041015,0.531864,-0.008081,0.002180,-0.006176
0.036334,-0.039031,0.528123,-0.011306,-0.002327,-0.003261
0.037877,-0.037810,0.523652,-0.014488,-0.004639,-0.003058
0.037975,-0.037496,0.520061,-0.017130,-0.004432,-0.005043
0.036676,-0.038083,0.518647,-0.019029,-0.002563,-0.008239
0.034560,-0.039175,0.519126,-0.020125,-0.000163,-0.011765
0.032284,-0.040160,0.520299,-0.020626,0.002033,-0.014783
0.030416,-0.040834,0.521341,-0.020900,0.003745,-0.016639
0.029539,-0.041351,0.522120,-0.021164,0.004833,-0.017422
0.029926,-0.041640,0.522534,-0.021521,0.005073,-0.017958
0.031270,-0.041487,0.521967,-0.022270,0.004524,-0.018978
0.033086,-0.040956,0.519895,-0.024010,0.003802,-0.020718
0.035248,-0.040289,0.516546,-0.027371,0.003684,-0.023073
0.037997,-0.040163,0.512663,-0.032467,0.004855,-0.025606
0.041158,-0.042185,0.509293,-0.038551,0.007677,-0.027813
0.043226,-0.046919,0.508399,-0.044441,0.011356,-0.030106
0.041932,-0.052109,0.512251,-0.049203,0.013521,-0.033488
0.036357,-0.055705,0.520508,-0.052724,0.011639,-0.037049
0.028317,-0.058045,0.529687,-0.055719,0.005016,-0.038365
0.022087,-0.059630,0.535943,-0.058940,-0.004773,-0.036302
0.021460,-0.060114,0.537629,-0.062451,-0.014798,-0.031267
0.026198,-0.059568,0.536154,-0.065312,-0.022184,-0.024919
0.032942,-0.058783,0.534517,-0.066182,-0.025579,-0.020125
0.038629,-0.058666,0.534807,-0.064496,-0.025815,-0.019393
0.041955,-0.060031,0.535866,-0.060740,-0.024812,-0.023182
0.043265,-0.062770,0.534600,-0.056133,-0.024146,-0.029677
0.043604,-0.065994,0.530183,-0.051995,-0.024664,-0.035600
0.043057,-0.069952,0.524304,-0.048766,-0.025000,-0.037504
0.041370,-0.075440,0.518950,-0.045833,-0.021858,-0.034039
0.039823,-0.080845,0.515696,-0.042798,-0.013956,-0.026801
0.039889,-0.082205,0.515942,-0.040047,-0.003039,-0.017572
0.041048,-0.077672,0.520760,-0.037573,0.007776,-0.006884
0.041844,-0.069008,0.529563,-0.034730,0.015246,0.003801
0.042137,-0.058030,0.539778,-0.031046,0.017794,0.012254
0.042152,-0.046426,0.548542,-0.026451,0.016639,0.018248
0.040778,-0.037461,0.553858,-0.021132,0.015242,0.022976
0.037578,-0.033516,0.554858,-0.015414,0.017070,0.027025
0.034024,-0.034277,0.552451,-0.009896,0.022716,0.031202
0.030912,-0.038391,0.549083,-0.005824,0.029448,0.036780
0.027923,-0.044136,0.546841,-0.004719,0.033878,0.043567
0.025909,-0.049466,0.546224,-0.007229,0.034103,0.049457
0.026566,-0.053095,0.546836,-0.012969,0.030029,0.051566
0.030741,-0.054773,0.547879,-0.020466,0.022729,0.047660
0.037100,-0.055079,0.548403,-0.027108,0.013254,0.038391
0.042207,-0.055228,0.547981,-0.030988,0.003531,0.027482
0.043949,-0.055843,0.546121,-0.032126,-0.002867,0.018696
0.041557,-0.056402,0.542812,-0.032024,-0.004951,0.013233
0.034437,-0.056222,0.539484,-0.032822,-0.005217,0.010854
0.026845,-0.054817,0.536619,-0.035308,-0.002994,0.012811
0.025221,-0.052798,0.533254,-0.038474,0.004891,0.019484
0.031268,-0.052843,0.528111,-0.041328,0.016723,0.026541
0.042179,-0.057279,0.519989,-0.043238,0.026485,0.028432
0.050981,-0.064534,0.511109,-0.043406,0.030032,0.024677
0.051929,-0.069236,0.506493,-0.041250,0.027852,0.019411
0.047658,-0.067116,0.507826,-0.036689,0.023919,0.015709
0.044320,-0.060086,0.512130,-0.030421,0.022539,0.013730
0.043423,-0.053996,0.515928,-0.024229,0.025224,0.012502
0.042604,-0.051878,0.518296,-0.019853,0.030916,0.011359
0.040297,-0.052785,0.519860,-0.017802,0.037741,0.010590
0.036450,-0.054834,0.520800,-0.017749,0.043828,0.011106
0.031954,-0.056279,0.520463,-0.019219,0.048087,0.013611
0.027903,-0.057160,0.519063,-0.021291,0.049332,0.017723
0.025522,-0.059422,0.518051,-0.022436,0.046837,0.022290
0.026790,-0.062175,0.517347,-0.021918,0.042921,0.026630
0.031365,-0.061765,0.516312,-0.020620,0.039617,0.030036
0.035925,-0.057111,0.515551,-0.020161,0.036098,0.031228
0.037451,-0.049893,0.515004,-0.021858,0.032487,0.029470
0.034839,-0.041925,0.514223,-0.025837,0.030481,0.025367
0.030084,-0.035096,0.513714,-0.030807,0.030855,0.020669
0.026600,-0.031772,0.514481,-0.034820,0.032996,0.016967
0.025431,-0.033374,0.517575,-0.036331,0.035698,0.014507
0.025540,-0.038746,0.523230,-0.034740,0.037927,0.012721
0.026380,-0.044773,0.529834,-0.030513,0.039152,0.011298
0.027737,-0.048558,0.534683,-0.025376,0.039229,0.010057
0.028506,-0.048982,0.535880,-0.021806,0.038328,0.008445
0.027190,-0.047097,0.533464,-0.021322,0.036598,0.006198
0.022469,-0.045527,0.529487,-0.023560,0.033870,0.004052
0.014227,-0.046279,0.526749,-0.027056,0.030298,0.002996
0.004783,-0.048705,0.526700,-0.030103,0.026578,0.003133
-0.002516,-0.050581,0.528589,-0.031571,0.023427,0.003761
-0.004722,-0.050338,0.530487,-0.031390,0.020806,0.003634
-0.001279,-0.048320,0.531264,-0.029928,0.017550,0.001383
-,-,-,-,-,-
0.000128,-0.000895,0.009969,-0.000489,-0.000107,-0.000089
0.000705,-0.005373,0.057183,-0.002658,-0.000476,-0.000528
0.001547,-0.015415,0.157945,-0.006910,-0.000955,-0.001449
0.001676,-0.029031,0.292143,-0.012184,-0.001146,-0.002384
0.000782,-0.041865,0.422409,-0.017368,-0.000823,-0.002434
-0.000123,-0.051084,0.520416,-0.021924,-0.000101,-0.000975
-0.000318,-0.055988,0.575207,-0.025732,0.000385,0.002078
-0.000280,-0.056553,0.591624,-0.029143,-0.000360,0.006536
-0.000554,-0.053553,0.583327,-0.032600,-0.002917,0.011910
-0.000678,-0.049069,0.564601,-0.036239,-0.006809,0.017106
0.000733,-0.045416,0.545525,-0.039791,-0.010510,0.020298
0.004778,-0.043723,0.531493,-0.042810,-0.012199,0.019554
0.011129,-0.043915,0.524297,-0.045179,-0.011040,0.014241
0.017944,-0.045075,0.522767,-0.046948,-0.007716,0.004990
0.022106,-0.045675,0.524400,-0.047950,-0.003743,-0.007053
0.021667,-0.045177,0.527759,-0.048014,-0.000926,-0.019163
0.018470,-0.044767,0.531662,-0.047168,-0.000666,-0.027745
0.015982,-0.045775,0.533982,-0.045579,-0.002522,-0.030998
0.015823,-0.048483,0.533910,-0.043224,-0.004450,-0.029377
0.017287,-0.053267,0.533253,-0.039494,-0.005243,-0.024927
0.019461,-0.060458,0.533873,-0.034001,-0.005404,-0.020156
0.022838,-0.067247,0.534844,-0.027750,-0.005198,-0.016190
0.027166,-0.069750,0.534195,-0.022125,-0.004107,-0.012609
0.030493,-0.067737,0.531835,-0.017554,-0.002345,-0.008958
0.031610,-0.063423,0.528603,-0.014056,-0.000757,-0.005349
0.030661,-0.058732,0.524979,-0.011805,0.000179,-0.001954
0.027013,-0.055217,0.522026,-0.010574,-0.000388,0.000903
0.019398,-0.054099,0.521055,-0.009629,-0.003750,0.002825
0.010387,-0.054813,0.521185,-0.009027,-0.008882,0.004481
0.005265,-0.055656,0.520551,-0.009502,-0.012351,0.006801
0.005554,-0.056216,0.519573,-0.010971,-0.011860,0.009367
0.008426,-0.056054,0.520332,-0.012295,-0.007597,0.011131
0.010729,-0.053930,0.523843,-0.012424,-0.001428,0.011567
0.011902,-0.050880,0.528216,-0.011897,0.004194,0.010888
0.013023,-0.049248,0.530323,-0.012396,0.007530,0.009509
0.014832,-0.049226,0.528437,-0.014783,0.007607,0.007221
0.017483,-0.050016,0.522751,-0.018563,0.003711,0.003398
0.019786,-0.051989,0.516411,-0.022666,-0.003179,-0.001666
0.019964,-0.055769,0.513616,-0.026025,-0.010028,-0.006719
0.017591,-0.060560,0.515419,-0.027840,-0.014298,-0.010467
0.013472,-0.064733,0.520021,-0.027730,-0.015429,-0.011518
0.009078,-0.067226,0.525391,-0.025899,-0.014096,-0.009005
0.005829,-0.067976,0.530375,-0.023017,-0.011399,-0.003477
0.004218,-0.068019,0.534303,-0.019743,-0.008643,0.003468
0.004078,-0.068338,0.536246,-0.016719,-0.006835,0.010096
0.005194,-0.068260,0.535465,-0.014586,-0.006098,0.015443
0.007286,-0.066895,0.532420,-0.013391,-0.005909,0.019180
0.009746,-0.064911,0.528647,-0.012301,-0.005815,0.020906
0.011836,-0.063263,0.525341,-0.010206,-0.005592,0.020530
0.013252,-0.062010,0.522498,-0.006739,-0.004610,0.018913
0.014022,-0.060714,0.520039,-0.002527,-0.001846,0.017385
0.013922,-0.059094,0.518775,0.001526,0.002875,0.016666
0.012758,-0.057117,0.519153,0.004665,0.008324,0.016416
0.011087,-0.054604,0.520215,0.006113,0.012793,0.015729
0.009749,-0.051499,0.520815,0.005179,0.015017,0.013888
0.008641,-0.048599,0.520874,0.001953,0.014443,0.010864
0.006919,-0.046913,0.520717,-0.002532,0.011236,0.007413
0.004600,-0.046293,0.520214,-0.007121,0.006369,0.004618
0.002779,-0.045891,0.519372,-0.011118,0.001536,0.003208
0.002078,-0.045436,0.518977,-0.014132,-0.001637,0.003267
0.002092,-0.045155,0.519886,-0.015925,-0.002501,0.004428
0.002320,-0.045043,0.521887,-0.016587,-0.001543,0.006181
0.002749,-0.044774,0.523961,-0.016712,0.000198,0.008071
0.003568,-0.044262,0.525590,-0.017169,0.001849,0.009719
0.004826,-0.043949,0.526999,-0.018507,0.002970,0.010841
0.006390,-0.044354,0.528426,-0.020625,0.003381,0.011327
0.008190,-0.045536,0.529712,-0.022978,0.003069,0.011182
0.009867,-0.046646,0.530819,-0.024970,0.002311,0.010538
0.010345,-0.047308,0.531090,-0.025886,0.001672,0.009529
0.009066,-0.049413,0.528428,-0.025047,0.001759,0.008183
0.006976,-0.053688,0.523500,-0.023105,0.002758,0.007221
0.005763,-0.057411,0.520674,-0.021661,0.004285,0.007764
0.006688,-0.058538,0.521849,-0.021299,0.005762,0.009807
0.009573,-0.057815,0.525333,-0.021590,0.006741,0.012447
0.013150,-0.056843,0.529367,-0.022015,0.006982,0.014919
0.016243,-0.056489,0.532846,-0.022189,0.006305,0.016851
0.017936,-0.056927,0.534602,-0.022050,0.004584,0.018286
0.017696,-0.058144,0.533916,-0.021830,0.001836,0.019577
0.016050,-0.060221,0.531365,-0.021412,-0.001676,0.020960
0.014268,-0.063057,0.528376,-0.020202,-0.005331,0.022153
0.013285,-0.065412,0.526065,-0.018360,-0.008428,0.022603
0.013374,-0.065804,0.524465,-0.016959,-0.010293,0.022000
0.014316,-0.064298,0.522859,-0.016688,-0.010224,0.020399
0.015380,-0.062258,0.520967,-0.017521,-0.007948,0.018134
0.015593,-0.061400,0.519566,-0.019030,-0.003948,0.015687
0.013698,-0.062938,0.519909,-0.020510,0.000341,0.013646
0.008562,-0.066801,0.522198,-0.021216,0.002956,0.012598
0.001744,-0.071811,0.524514,-0.020925,0.003355,0.012681
-0.002856,-0.076277,0.524479,-0.020290,0.003179,0.013582
-0.003269,-0.078302,0.522013,-0.020076,0.004277,0.014890
-0.000549,-0.076783,0.518862,-0.020301,0.006984,0.016142
0.003357,-0.072253,0.516252,-0.020608,0.010096,0.016877
0.007048,-0.066049,0.514415,-0.020889,0.011881,0.016654
0.009873,-0.059676,0.513471,-0.021249,0.011249,0.015145
0.011600,-0.054688,0.513830,-0.021783,0.008178,0.012645
0.012461,-0.051713,0.515647,-0.022554,0.003675,0.010158
0.013277,-0.050054,0.518156,-0.023630,-0.000683,0.008755
0.014839,-0.048795,0.520105,-0.025088,-0.003624,0.008992
0.017146,-0.047411,0.520990,-0.026981,-0.004578,0.010620
0.019569,-0.045620,0.521190,-0.029211,-0.003554,0.012589
0.022003,-0.044748,0.520423,-0.030294,-0.000914,0.013397
0.024377,-0.048212,0.517609,-0.027817,0.002552,0.011834
0.026069,-0.056278,0.512987,-0.022775,0.005787,0.008044
0.028367,-0.063289,0.508182,-0.019516,0.008232,0.003716
0.032367,-0.064204,0.505242,-0.020588,0.009382,0.000781
0.034808,-0.059387,0.506562,-0.025255,0.008631,-0.000036
0.032506,-0.052397,0.512678,-0.031069,0.006423,0.000682
0.025886,-0.047737,0.520963,-0.035424,0.003615,0.002205
0.016569,-0.049035,0.527977,-0.037132,0.000662,0.004307
0.007221,-0.055543,0.532002,-0.036820,-0.001471,0.006559
0.001045,-0.062727,0.533601,-0.035249,-0.001896,0.008022
-0.001004,-0.067112,0.534401,-0.032460,-0.001123,0.007995
-0.000044,-0.067761,0.535433,-0.028735,-0.000171,0.006574
0.002557,-0.065434,0.536315,-0.024843,0.000477,0.004518
0.005292,-0.062625,0.535782,-0.021572,0.000514,0.002765
0.006963,-0.062222,0.533110,-0.019586,-0.000235,0.001847
0.007976,-0.064578,0.529226,-0.019334,-0.001133,0.001650
0.009273,-0.067522,0.525909,-0.020504,-0.001227,0.001903
0.010594,-0.068872,0.524036,-0.022290,-0.000192,0.002523
0.011273,-0.067482,0.523507,-0.024278,0.002017,0.003286
0.011152,-0.063899,0.524169,-0.026325,0.005240,0.003763
0.009983,-0.060028,0.525907,-0.028334,0.008833,0.003606
0.007828,-0.059072,0.527045,-0.028800,0.011993,0.002447
0.005699,-0.065441,0.524772,-0.024858,0.014017,0.000216
0.004225,-0.078964,0.519832,-0.017387,0.014689,-0.002104
0.003333,-0.092308,0.516160,-0.011224,0.014450,-0.003226
0.002867,-0.098051,0.515770,-0.009615,0.013725,-0.002732
0.002417,-0.093815,0.518186,-0.012777,0.012572,-0.000965
-,-,-,-,-,-
0.000064,-0.001065,0.009569,-0.000653,-0.000081,-0.000046
0.000460,-0.007499,0.054477,-0.002847,-0.000706,-0.000309
0.001173,-0.024142,0.149392,-0.005896,-0.002682,-0.000803
0.001724,-0.048809,0.275115,-0.008785,-0.006277,-0.001161
0.002433,-0.072413,0.398028,-0.011624,-0.010658,-0.001130
0.003890,-0.086960,0.493793,-0.014349,-0.014350,-0.000735
0.005381,-0.089969,0.553439,-0.016433,-0.016027,-0.000018
0.006327,-0.084057,0.580303,-0.017304,-0.015074,0.001001
0.007526,-0.074314,0.583621,-0.016574,-0.011630,0.002345
0.010089,-0.066056,0.573313,-0.014027,-0.006489,0.003882
0.014402,-0.063737,0.556922,-0.009591,-0.001076,0.005388
0.019686,-0.066890,0.539705,-0.004630,0.003554,0.007111
0.024536,-0.069590,0.526106,-0.001752,0.007645,0.009534
0.027577,-0.068018,0.519143,-0.002113,0.011604,0.012526
0.027761,-0.063367,0.518783,-0.004603,0.014976,0.015374
0.024981,-0.058005,0.522095,-0.007411,0.017296,0.017542
0.020039,-0.053639,0.525539,-0.009309,0.018902,0.019112
0.014192,-0.051206,0.527454,-0.009962,0.020631,0.020369
0.009224,-0.050143,0.528279,-0.009989,0.023047,0.021178
0.006992,-0.048329,0.528782,-0.010613,0.026287,0.021297
0.007639,-0.044327,0.529191,-0.012074,0.030224,0.021151
0.008844,-0.039308,0.529604,-0.013282,0.033915,0.021526
0.008270,-0.035669,0.529360,-0.013574,0.035767,0.022621
0.005578,-0.035154,0.527261,-0.013239,0.034793,0.023794
0.001703,-0.038177,0.523749,-0.012777,0.031083,0.024090
-0.002616,-0.043527,0.521218,-0.011933,0.025111,0.022763
-0.008154,-0.049831,0.522007,-0.009693,0.017536,0.019747
-0.015390,-0.056836,0.526099,-0.006310,0.010124,0.016288
-0.021459,-0.063506,0.530894,-0.003231,0.004918,0.013897
-0.022717,-0.066903,0.534170,-0.001550,0.002475,0.012489
-0.018936,-0.064368,0.536090,-0.002102,0.002245,0.010873
-0.012741,-0.056637,0.537380,-0.004516,0.003330,0.008655
-0.006836,-0.048387,0.537165,-0.006921,0.004754,0.006732
-0.002132,-0.044210,0.533924,-0.007917,0.005879,0.005910
0.001794,-0.044559,0.528110,-0.007526,0.006381,0.005907
0.004892,-0.046710,0.522179,-0.006595,0.006033,0.005872
0.006478,-0.048296,0.518322,-0.005879,0.004812,0.005281
0.006172,-0.048373,0.517494,-0.005798,0.002909,0.004364
0.004277,-0.047452,0.519130,-0.006641,0.000589,0.003613
0.001589,-0.047463,0.521262,-0.008398,-0.001638,0.003058
-0.001000,-0.049141,0.522248,-0.010608,-0.002945,0.002543
-0.002927,-0.051020,0.522219,-0.012559,-0.002731,0.002155
-0.003885,-0.052128,0.522041,-0.013805,-0.001294,0.002102
-0.003298,-0.052674,0.521682,-0.014464,0.000205,0.002468
-0.000964,-0.052451,0.521044,-0.014597,0.000582,0.003041
0.002067,-0.051204,0.521002,-0.013893,-0.000644,0.003520
0.004257,-0.049350,0.522015,-0.012388,-0.003116,0.003862
0.005115,-0.047187,0.523368,-0.010678,-0.005855,0.004160
0.005402,-0.044634,0.524276,-0.009325,-0.007789,0.004404
0.005888,-0.041738,0.524280,-0.008620,-0.008376,0.004487
0.006581,-0.038842,0.523056,-0.008793,-0.007838,0.004249
0.006782,-0.036566,0.521320,-0.009890,-0.006856,0.003641
0.006023,-0.035618,0.520845,-0.011361,-0.006139,0.002833
0.004891,-0.036172,0.522525,-0.012149,-0.006277,0.001970
0.004233,-0.037736,0.525587,-0.011543,-0.007504,0.000873
0.004051,-0.039695,0.528615,-0.009654,-0.009434,-0.000685
0.003555,-0.041661,0.530490,-0.006948,-0.011258,-0.002313
0.002263,-0.043430,0.530807,-0.004009,-0.012097,-0.003035
0.000603,-0.044876,0.530126,-0.001425,-0.011241,-0.002366
-0.001057,-0.046051,0.529996,0.000763,-0.008427,-0.000879
-0.002752,-0.047078,0.531769,0.003017,-0.003959,0.000866
-0.003942,-0.047827,0.535053,0.005626,0.001492,0.003052
-0.003831,-0.048040,0.538320,0.008489,0.006873,0.005832
-0.002367,-0.047574,0.540576,0.011472,0.010758,0.008668
-0.000199,-0.046431,0.541725,0.014476,0.011931,0.010567
0.001950,-0.044772,0.541804,0.017250,0.009971,0.010838
0.003744,-0.042692,0.540737,0.019325,0.005471,0.009656
0.005108,-0.040410,0.538825,0.020151,-0.000182,0.007800
0.006050,-0.038450,0.536345,0.019515,-0.005557,0.006044
0.006599,-0.036964,0.533023,0.017652,-0.009790,0.004883
0.006742,-0.035461,0.528677,0.014866,-0.012510,0.004602
0.006647,-0.033426,0.523777,0.011334,-0.013624,0.005261
0.006194,-0.031041,0.519263,0.007361,-0.013368,0.006654
0.004552,-0.029124,0.516107,0.003568,-0.012305,0.008527
0.001729,-0.028173,0.514788,0.000635,-0.011088,0.010677
-0.000478,-0.027734,0.515031,-0.001359,-0.010067,0.012889
-0.000498,-0.026932,0.516191,-0.002934,-0.009101,0.014921
0.001227,-0.025777,0.517845,-0.004200,-0.008020,0.016408
0.003324,-0.025204,0.519955,-0.004762,-0.007164,0.016819
0.005121,-0.025691,0.522390,-0.004627,-0.007117,0.015651
0.006603,-0.026761,0.524372,-0.004524,-0.007969,0.012872
0.007851,-0.027660,0.525099,-0.005494,-0.009126,0.009127
0.008868,-0.028261,0.524663,-0.007941,-0.009912,0.005196
0.009321,-0.029252,0.523955,-0.011117,-0.010039,0.001463
0.008702,-0.032359,0.523787,-0.013741,-0.009521,-0.001828
0.006983,-0.039646,0.524128,-0.014673,-0.008467,-0.004124
0.004850,-0.050005,0.524867,-0.013551,-0.006939,-0.004642
0.003400,-0.058744,0.526639,-0.011219,-0.004908,-0.003004
0.003585,-0.061988,0.529672,-0.008889,-0.002437,0.000338
0.005391,-0.059369,0.532535,-0.007017,0.000183,0.004507
0.007552,-0.053558,0.533342,-0.005682,0.002733,0.008878
0.008501,-0.048373,0.531917,-0.005419,0.005273,0.013317
0.007429,-0.046567,0.529512,-0.006654,0.007720,0.017850
0.004593,-0.048028,0.527261,-0.008788,0.009549,0.022057
0.001064,-0.050303,0.525962,-0.010736,0.010178,0.025100
-0.002082,-0.051630,0.526346,-0.011905,0.009806,0.026514
-0.004086,-0.051730,0.528786,-0.012211,0.009545,0.026523
-0.004654,-0.050594,0.532951,-0.011649,0.010208,0.025594
-0.004288,-0.048366,0.537804,-0.010331,0.011417,0.024081
-0.003430,-0.045204,0.541691,-0.008655,0.012171,0.022251
-0.002110,-0.041425,0.543185,-0.006979,0.011722,0.020450
-0.001042,-0.037956,0.542289,-0.005530,0.009758,0.019272
-0.001173,-0.035418,0.540116,-0.004532,0.006385,0.019270
-0.001942,-0.033081,0.537687,-0.004177,0.002198,0.020435
-0.001865,-0.029491,0.535502,-0.004511,-0.001985,0.022210
-0.000654,-0.024304,0.533490,-0.005294,-0.005402,0.023877
0.000772,-0.018919,0.531203,-0.006150,-0.007310,0.024950
0.001481,-0.014676,0.528653,-0.006772,-0.007261,0.025119
0.001530,-0.011444,0.526127,-0.007272,-0.005375,0.024171
0.002211,-0.008743,0.523595,-0.008194,-0.002341,0.022479
0.004051,-0.006760,0.521584,-0.009661,0.000617,0.020981
0.005758,-0.006192,0.520818,-0.010850,0.002119,0.020501
0.006253,-0.008033,0.520848,-0.010693,0.001329,0.021432
0.006209,-0.012261,0.520943,-0.009071,-0.001388,0.023778
0.007377,-0.016665,0.521368,-0.006818,-0.004797,0.027105
0.010701,-0.018505,0.522480,-0.004697,-0.007655,0.030612
0.015021,-0.016744,0.523899,-0.003115,-0.008631,0.033691
0.018185,-0.011749,0.525452,-0.002282,-0.006158,0.036161
0.019213,-0.004467,0.527234,-0.002012,0.000528,0.037819
0.018574,0.003046,0.528702,-0.001975,0.010351,0.038203
0.016656,0.007795,0.529678,-0.001932,0.020873,0.036722
0.013192,0.007707,0.531300,-0.001613,0.029607,0.033087
0.008429,0.003239,0.534451,-0.001143,0.034862,0.028196
0.003367,-0.003276,0.538553,-0.001088,0.035938,0.023922
-0.001043,-0.009675,0.542261,-0.001692,0.033112,0.021494
-0.003955,-0.014965,0.544431,-0.002612,0.027930,0.020859
-0.004892,-0.018882,0.544855,-0.003294,0.022917,0.021332
-0.003639,-0.021318,0.543821,-0.003234,0.020276,0.022143
-,-,-,-,-,-
0.000331,-0.000276,0.009527,0.000123,0.000626,0.000344
0.001553,-0.001416,0.054669,0.000583,0.003416,0.001976
0.003049,-0.003432,0.151031,0.001042,0.008748,0.005424
0.002960,-0.005761,0.279372,0.000500,0.014478,0.009865
0.000560,-0.007744,0.404498,-0.001838,0.017952,0.013806
-0.002499,-0.008127,0.500486,-0.006191,0.018098,0.016181
-0.003975,-0.006298,0.556820,-0.011767,0.015532,0.016817
-0.003696,-0.003778,0.576624,-0.016549,0.011652,0.016251
-0.003528,-0.002625,0.572337,-0.018929,0.007908,0.015282
-0.004434,-0.003905,0.558291,-0.018839,0.005338,0.014558
-0.005182,-0.008058,0.544070,-0.016732,0.004449,0.014300
-0.004801,-0.014073,0.533384,-0.013250,0.005757,0.014768
-0.004230,-0.018805,0.526980,-0.009754,0.009509,0.016576
-0.004472,-0.019552,0.524707,-0.007513,0.014679,0.019518
-0.005411,-0.016393,0.525316,-0.006750,0.019424,0.022033
-0.006804,-0.011424,0.526802,-0.006838,0.022443,0.022656
-0.008484,-0.006683,0.527439,-0.007001,0.023418,0.020926
-0.009763,-0.002861,0.525880,-0.006759,0.022395,0.016898
-0.009878,0.000006,0.521480,-0.005658,0.019602,0.010858
-0.009050,0.001581,0.515099,-0.003310,0.016252,0.003411
-0.008080,0.001606,0.508673,0.000146,0.014277,-0.004657
-0.007163,0.000329,0.503965,0.004214,0.014702,-0.012561
-0.006530,-0.001619,0.501954,0.008223,0.017081,-0.019409
-0.007643,-0.003481,0.502665,0.011082,0.019991,-0.023810
-0.011589,-0.005098,0.505402,0.011667,0.021513,-0.024215
-0.016631,-0.006930,0.509441,0.009547,0.020020,-0.020212
-0.019319,-0.009037,0.514154,0.005086,0.015230,-0.013165
-0.017761,-0.010989,0.518469,-0.000764,0.008639,-0.005553
-0.012778,-0.012389,0.521371,-0.006892,0.002744,0.000250
-0.006757,-0.013016,0.522938,-0.012414,-0.000568,0.002999
-0.002317,-0.012894,0.523976,-0.016681,-0.001256,0.002897
-0.001256,-0.012216,0.525376,-0.019470,-0.000874,0.001232
-0.003533,-0.011469,0.527804,-0.021161,-0.001063,-0.000294
-0.007616,-0.011396,0.531338,-0.022341,-0.002381,-0.000320
-0.012008,-0.012441,0.535649,-0.023205,-0.004374,0.001620
-0.016169,-0.014945,0.540442,-0.023510,-0.006395,0.005064
-0.020217,-0.019207,0.545506,-0.023092,-0.007976,0.009089
-0.023539,-0.024447,0.550076,-0.021975,-0.008776,0.012914
-0.023834,-0.028924,0.552319,-0.020168,-0.008800,0.016133
-0.019043,-0.031053,0.550831,-0.017980,-0.008172,0.018678
-0.010773,-0.029931,0.547052,-0.016225,-0.006914,0.020701
-0.003882,-0.025873,0.544387,-0.015591,-0.005351,0.022294
-0.001963,-0.020485,0.544296,-0.016097,-0.004166,0.023462
-0.004821,-0.015459,0.545223,-0.017428,-0.004071,0.024381
-0.009949,-0.011622,0.545603,-0.019167,-0.005317,0.025304
-0.014645,-0.009539,0.545293,-0.020532,-0.007510,0.026291
-0.017146,-0.009650,0.544722,-0.020645,-0.009791,0.027248
-0.017311,-0.011607,0.544822,-0.018895,-0.010909,0.028173
-0.016602,-0.014992,0.546184,-0.015109,-0.009897,0.029155
-0.017031,-0.019477,0.548158,-0.010097,-0.006941,0.030192
-0.019038,-0.023498,0.549644,-0.005438,-0.003078,0.031253
-0.020365,-0.024912,0.549441,-0.002411,0.000596,0.032191
-0.018355,-0.022783,0.546225,-0.001624,0.003284,0.032615
-0.012641,-0.017399,0.539396,-0.003300,0.004768,0.032381
-0.004892,-0.009803,0.530157,-0.007478,0.005334,0.031695
0.002711,-0.002114,0.521468,-0.013494,0.005131,0.030511
0.008081,0.003034,0.516193,-0.019734,0.004038,0.028678
0.009603,0.004439,0.515505,-0.024762,0.002447,0.026562
0.007021,0.003062,0.518966,-0.028010,0.001244,0.024978
0.001400,0.001132,0.525085,-0.029678,0.000474,0.024556
-0.005365,0.000729,0.531434,-0.030710,-0.000541,0.025087
-0.010805,0.002130,0.535126,-0.032127,-0.001905,0.025594
-0.013237,0.003915,0.534684,-0.033958,-0.003221,0.025229
-0.013028,0.004795,0.531087,-0.035508,-0.004340,0.023904
-0.011698,0.004376,0.526356,-0.036464,-0.005397,0.022089
-0.010155,0.002871,0.522009,-0.036884,-0.006407,0.020211
-0.008637,0.000826,0.518998,-0.036721,-0.007204,0.018362
-0.007700,-0.001011,0.518086,-0.036059,-0.007929,0.016600
-0.008083,-0.002061,0.519396,-0.035251,-0.009159,0.015159
-0.009875,-0.002813,0.521693,-0.034455,-0.011103,0.014292
-0.012616,-0.004395,0.523905,-0.033274,-0.013252,0.014211
-0.015700,-0.007045,0.526738,-0.031019,-0.015166,0.015104
-0.017546,-0.010393,0.530161,-0.027362,-0.016810,0.016911
-0.015579,-0.014051,0.531730,-0.022625,-0.017831,0.019165
-0.009095,-0.016651,0.529898,-0.017694,-0.017578,0.021154
-0.000854,-0.016152,0.525996,-0.013864,-0.016098,0.022290
0.005672,-0.012138,0.522086,-0.012281,-0.014366,0.022408
0.009311,-0.006928,0.519187,-0.013129,-0.013362,0.021692
0.010779,-0.003837,0.517666,-0.015381,-0.013124,0.020491
0.010837,-0.004809,0.517801,-0.017537,-0.012766,0.019384
0.009612,-0.009162,0.519816,-0.018588,-0.011441,0.019058
0.006941,-0.013967,0.523724,-0.018562,-0.009278,0.019904
0.003473,-0.016750,0.528456,-0.018399,-0.007186,0.021674
0.000931,-0.017246,0.531870,-0.018924,-0.005725,0.023506
0.000185,-0.016339,0.532781,-0.020114,-0.004836,0.024561
0.000132,-0.014696,0.532098,-0.021810,-0.004237,0.024644
-0.000664,-0.013525,0.530872,-0.024344,-0.003300,0.024096
-0.002265,-0.015235,0.529044,-0.027657,-0.001256,0.023377
-0.004281,-0.020207,0.527500,-0.030618,0.002373,0.022798
-0.007458,-0.026169,0.528281,-0.031911,0.007404,0.022433
-0.012750,-0.031893,0.532048,-0.031171,0.012551,0.022357
-0.019439,-0.037070,0.537697,-0.028935,0.016068,0.022920
-0.024950,-0.040585,0.543656,-0.025522,0.017016,0.024354
-0.026932,-0.040986,0.548367,-0.021046,0.015545,0.026431
-0.025695,-0.037353,0.550417,-0.016367,0.012554,0.028831
-0.022859,-0.030490,0.548555,-0.012677,0.009665,0.031313
-0.018897,-0.023337,0.542304,-0.010590,0.008540,0.033692
-0.014467,-0.018947,0.533468,-0.010024,0.009484,0.035962
-0.011534,-0.017649,0.525654,-0.010569,0.011165,0.038219
-0.011060,-0.017300,0.521203,-0.011711,0.011893,0.040406
-0.011740,-0.015798,0.519812,-0.012981,0.010860,0.042246
-0.012074,-0.012276,0.520170,-0.014134,0.008098,0.043437
-0.011837,-0.007143,0.521288,-0.015091,0.003812,0.043940
-0.011111,-0.001269,0.522341,-0.015998,-0.001728,0.044041
-0.009368,0.004485,0.522322,-0.016999,-0.007627,0.044070
-0.006168,0.008852,0.520704,-0.017998,-0.012420,0.044179
-0.002009,0.010968,0.518541,-0.019072,-0.015304,0.044304
0.002001,0.011230,0.517409,-0.020482,-0.016691,0.044126
0.004654,0.010693,0.517245,-0.022464,-0.017437,0.043307
0.005109,0.010219,0.516918,-0.025305,-0.018173,0.041970
0.003827,0.009981,0.516222,-0.029049,-0.019184,0.040705
0.002388,0.009518,0.516043,-0.033181,-0.020394,0.040028
0.001848,0.008328,0.517490,-0.036700,-0.021549,0.039816
0.001664,0.006347,0.521367,-0.038633,-0.022369,0.039382
0.000296,0.003272,0.527731,-0.038582,-0.022371,0.038254
-0.002860,-0.001598,0.535333,-0.036548,-0.021228,0.036548
-0.006630,-0.007746,0.541824,-0.032671,-0.019392,0.034712
-0.009552,-0.012926,0.545343,-0.027663,-0.017922,0.033296
-0.010933,-0.015295,0.545549,-0.022771,-0.017613,0.032751
-0.010725,-0.015231,0.543138,-0.018677,-0.018040,0.033290
-0.009428,-0.014050,0.539467,-0.015396,-0.017852,0.034866
-0.007624,-0.012028,0.536278,-0.013439,-0.016082,0.037149
-0.005657,-0.008694,0.534864,-0.013459,-0.012816,0.039556
-0.003714,-0.004274,0.535507,-0.014925,-0.008820,0.041337
-0.002032,0.000027,0.537650,-0.016717,-0.005036,0.041757
-0.000753,0.002396,0.539789,-0.018253,-0.002276,0.040465
0.000184,0.000593,0.539857,-0.019253,-0.000759,0.037837
0.000290,-0.005808,0.537647,-0.019651,-0.000509,0.034924
-,-,-,-,-,-
-0.000407,-0.000263,0.009792,-0.000282,-0.000383,0.000734
-0.002306,-0.001618,0.056357,-0.001542,-0.002298,0.004314
-0.006894,-0.004850,0.156296,-0.004064,-0.006659,0.012147
-0.013973,-0.009278,0.290051,-0.007254,-0.012890,0.022761
-0.020193,-0.012707,0.419786,-0.010270,-0.019302,0.033239
-0.021271,-0.013436,0.516787,-0.012486,-0.024310,0.041271
-0.016566,-0.011479,0.571107,-0.013404,-0.027413,0.045400
-0.009068,-0.008141,0.587912,-0.012724,-0.029124,0.045212
-0.002271,-0.005123,0.579432,-0.010780,-0.030184,0.041835
0.001917,-0.003424,0.558786,-0.008627,-0.031093,0.037400
0.003033,-0.002457,0.536567,-0.007545,-0.031716,0.034003
0.001602,-0.001115,0.519595,-0.008421,-0.031270,0.032966
0.000277,-0.000804,0.509977,-0.011295,-0.029032,0.034304
0.002030,-0.004756,0.506351,-0.015371,-0.024913,0.036930
0.006428,-0.012734,0.507366,-0.019393,-0.019521,0.039548
0.010896,-0.019750,0.512041,-0.022522,-0.013786,0.041466
0.013930,-0.021258,0.517777,-0.024930,-0.008380,0.042699
0.015475,-0.017159,0.521118,-0.027107,-0.003483,0.043338
0.015819,-0.010604,0.520671,-0.029174,0.000971,0.043375
0.014436,-0.005176,0.517997,-0.031059,0.004729,0.043083
0.010410,-0.003006,0.515977,-0.032541,0.007121,0.042833
0.004083,-0.004193,0.516916,-0.033052,0.007773,0.042619
-0.002824,-0.007504,0.521210,-0.032126,0.007042,0.042274
-0.008341,-0.011078,0.527259,-0.029791,0.005867,0.041867
-0.011054,-0.013447,0.532888,-0.026196,0.005335,0.041491
-0.010404,-0.014406,0.536722,-0.021538,0.006067,0.041020
-0.006975,-0.014097,0.538435,-0.016512,0.007793,0.040389
-0.002272,-0.012286,0.538274,-0.012149,0.009547,0.039841
0.002583,-0.009135,0.536663,-0.009135,0.010272,0.039649
0.007363,-0.005525,0.534134,-0.007687,0.009488,0.039830
0.011657,-0.002009,0.531636,-0.008142,0.007616,0.040176
0.014618,0.001813,0.530556,-0.010663,0.005673,0.040380
0.015805,0.005825,0.531713,-0.014042,0.004696,0.040139
0.015298,0.008411,0.534201,-0.016498,0.005166,0.039451
0.013203,0.008683,0.535865,-0.017620,0.006501,0.038881
0.009481,0.007518,0.535275,-0.017968,0.007111,0.039191
0.003935,0.005509,0.532738,-0.017712,0.005341,0.040646
-0.003036,0.003020,0.529544,-0.016738,0.000704,0.042901
-0.009318,0.001500,0.526543,-0.015011,-0.005925,0.045417
-0.012152,0.002248,0.523654,-0.012648,-0.013017,0.047658
-0.010249,0.004927,0.521046,-0.009818,-0.018955,0.048919
-0.004653,0.007945,0.519738,-0.006453,-0.022436,0.048537
0.001986,0.009852,0.520522,-0.002618,-0.022758,0.046527
0.007454,0.010540,0.523209,0.001459,-0.020083,0.043557
0.010510,0.010810,0.526371,0.005661,-0.015533,0.040406
0.010803,0.011602,0.527803,0.009403,-0.010582,0.037723
0.009904,0.013672,0.526614,0.011617,-0.006420,0.035857
0.009916,0.016671,0.524316,0.011665,-0.003834,0.034568
0.011197,0.019353,0.522909,0.009736,-0.003109,0.033243
0.012923,0.020925,0.522792,0.006389,-0.003954,0.031644
0.014362,0.021422,0.523229,0.002061,-0.005715,0.030136
0.015503,0.021126,0.523963,-0.002696,-0.007793,0.029030
0.016904,0.020204,0.525479,-0.007072,-0.009883,0.028094
0.018657,0.018897,0.527969,-0.010438,-0.011744,0.026904
0.020157,0.017616,0.530608,-0.012706,-0.012817,0.025408
0.021067,0.016880,0.531973,-0.014398,-0.012146,0.023901
0.021504,0.017099,0.531163,-0.016208,-0.008982,0.022656
0.021138,0.018069,0.528866,-0.018235,-0.003775,0.021705
0.019295,0.019267,0.527128,-0.020084,0.001700,0.021009
0.015941,0.020619,0.527288,-0.021695,0.005502,0.020607
0.011844,0.021668,0.528752,-0.023146,0.006792,0.020215
0.008041,0.021209,0.530214,-0.024141,0.006089,0.019219
0.005152,0.018817,0.530883,-0.024619,0.004731,0.017446
0.003022,0.015085,0.530696,-0.025390,0.003985,0.015296
0.001681,0.010699,0.530273,-0.027353,0.004297,0.013146
0.001835,0.006441,0.530554,-0.030087,0.005328,0.011223
0.003595,0.003217,0.531767,-0.032187,0.006307,0.009691
0.006290,0.001486,0.533012,-0.033141,0.006540,0.008492
0.008833,0.001101,0.533718,-0.033727,0.006020,0.007155
0.009415,0.001852,0.534102,-0.034426,0.005492,0.005234
0.006731,0.003186,0.533379,-0.035062,0.005897,0.003574
0.001041,0.003391,0.530228,-0.035876,0.007808,0.004255
-0.006020,0.000824,0.525640,-0.037188,0.011354,0.008333
-0.011473,-0.003688,0.522754,-0.038331,0.016162,0.014349
-0.012782,-0.007259,0.523469,-0.038129,0.021064,0.019313
-0.009818,-0.007901,0.526994,-0.035997,0.024660,0.020635
-0.004095,-0.005828,0.531743,-0.032177,0.026383,0.017426
0.002279,-0.002491,0.536417,-0.027477,0.026881,0.010739
0.006735,0.001144,0.539348,-0.023176,0.027437,0.003066
0.007204,0.005065,0.539178,-0.020763,0.028691,-0.002467
0.003875,0.008755,0.536816,-0.020771,0.030087,-0.003561
-0.000593,0.011113,0.535325,-0.022098,0.030371,-0.000109
-0.003315,0.011851,0.536745,-0.023142,0.028298,0.006084
-0.003210,0.011487,0.540273,-0.023002,0.023373,0.012770
-0.000507,0.010603,0.544106,-0.021419,0.016324,0.018322
0.004258,0.009774,0.547395,-0.018598,0.008633,0.021891
0.009985,0.009630,0.550004,-0.015158,0.001577,0.023169
0.015125,0.010579,0.551362,-0.011772,-0.003969,0.022258
0.018676,0.012624,0.550556,-0.009082,-0.007215,0.019700
0.020409,0.015446,0.547614,-0.007824,-0.007623,0.016376
0.020292,0.018412,0.543741,-0.008569,-0.005357,0.013180
0.018121,0.020552,0.540243,-0.011312,-0.001356,0.010769
0.013886,0.020964,0.537926,-0.015353,0.003101,0.009604
0.008655,0.019630,0.537150,-0.019400,0.006825,0.009782
0.004081,0.017665,0.537628,-0.021981,0.008909,0.010786
0.000959,0.016336,0.538201,-0.022454,0.008940,0.011899
-0.000869,0.016124,0.537573,-0.021507,0.007237,0.012848
-0.001707,0.016670,0.535756,-0.020245,0.004644,0.013732
-0.001562,0.017367,0.533941,-0.019159,0.001944,0.014502
-0.000532,0.018133,0.532741,-0.018150,-0.000527,0.014820
0.000909,0.019177,0.531794,-0.017115,-0.002908,0.014380
0.002531,0.020389,0.530812,-0.016189,-0.005738,0.013154
