-,-,-,-,-,-
-0.001938,-0.002452,0.011106,0.000562,0.001539,-0.002207
-0.011258,-0.013556,0.064192,0.003045,0.008578,-0.012898
-0.031346,-0.036291,0.178235,0.008387,0.022944,-0.036373
-0.057555,-0.065242,0.329877,0.016466,0.040982,-0.068759
-0.080739,-0.090838,0.474674,0.026217,0.057016,-0.101518
-0.094632,-0.105496,0.579474,0.035689,0.067603,-0.127069
-0.098697,-0.107699,0.632627,0.042509,0.072947,-0.141141
-0.095828,-0.101739,0.640363,0.044486,0.075737,-0.143550
-0.089467,-0.093518,0.618885,0.040602,0.078803,-0.137148
-0.083276,-0.087704,0.587024,0.031423,0.082671,-0.125918
-0.081225,-0.087370,0.560166,0.019379,0.085554,-0.113808
-0.084784,-0.093753,0.546077,0.008394,0.085641,-0.103869
-0.090425,-0.106083,0.544087,0.001007,0.082209,-0.096971
-0.093921,-0.121606,0.548973,-0.002331,0.076539,-0.091517
-0.095725,-0.136217,0.555712,-0.001412,0.070592,-0.085310
-0.098353,-0.146276,0.559964,0.003770,0.064954,-0.077482
-0.101288,-0.150110,0.557945,0.012325,0.060803,-0.068908
-0.103171,-0.148570,0.549402,0.022733,0.060718,-0.061506
-0.105271,-0.144155,0.537540,0.033810,0.065266,-0.056475
-0.108302,-0.138955,0.524995,0.045262,0.071889,-0.053122
-0.111624,-0.133780,0.513071,0.057249,0.078514,-0.049909
-0.114996,-0.129601,0.502172,0.070012,0.084907,-0.045988
-0.117501,-0.128389,0.491383,0.084368,0.091313,-0.041474
-0.119374,-0.130267,0.481328,0.102160,0.097042,-0.035908
-0.121877,-0.132183,0.474626,0.126964,0.100044,-0.026596
-0.123571,-0.131628,0.471388,0.162947,0.099589,-0.011306
-0.121365,-0.128276,0.468816,0.209607,0.096865,0.007868
-0.113231,-0.120837,0.464403,0.258057,0.092261,0.027082
-0.100317,-0.105993,0.458549,0.296528,0.084078,0.044262
-0.086810,-0.081698,0.455229,0.318686,0.070586,0.057040
-0.076864,-0.050383,0.458849,0.318453,0.051578,0.062131
-0.073231,-0.020187,0.470974,0.286317,0.026498,0.058204
-0.075739,-0.000879,0.489116,0.222122,-0.003667,0.046710
-0.081779,0.003747,0.507856,0.140736,-0.034537,0.031255
-0.088530,-0.003309,0.521163,0.062807,-0.062330,0.016581
-0.093821,-0.016705,0.525277,0.004370,-0.085864,0.006546
-0.098294,-0.030424,0.522172,-0.028760,-0.106962,0.003007
-0.102695,-0.038202,0.516456,-0.040323,-0.129813,0.006217
-0.104300,-0.036588,0.510031,-0.038957,-0.155174,0.014938
-0.100456,-0.027084,0.503314,-0.034141,-0.179020,0.026837
-0.090664,-0.014273,0.497359,-0.033274,-0.198259,0.039916
-0.077421,-0.002944,0.495093,-0.039255,-0.212052,0.052778
-0.065168,0.003875,0.500056,-0.050278,-0.219270,0.064097
-0.054045,0.005655,0.511723,-0.061593,-0.217866,0.073019
-0.041204,0.003321,0.525970,-0.067840,-0.207382,0.079865
-0.028506,-0.001773,0.539531,-0.065591,-0.191562,0.086166
-0.020984,-0.006800,0.549574,-0.055898,-0.177497,0.094052
-0.020612,-0.006001,0.552901,-0.043870,-0.170424,0.104475
-0.024627,0.005045,0.549130,-0.033456,-0.168213,0.115305
-0.026379,0.021026,0.539448,-0.024963,-0.165555,0.123651
-0.020577,0.029832,0.524659,-0.018133,-0.159568,0.129722
-0.009134,0.026101,0.508252,-0.014480,-0.147953,0.135187
0.001166,0.015940,0.497121,-0.016603,-0.130765,0.139376
0.005290,0.009110,0.497112,-0.025668,-0.113780,0.140124
0.003739,0.010183,0.507353,-0.039878,-0.102990,0.137158
0.000036,0.016945,0.521050,-0.055212,-0.097066,0.132392
-0.004577,0.024774,0.532289,-0.067913,-0.090169,0.127538
-0.011276,0.030501,0.539262,-0.076781,-0.079967,0.123032
-0.020244,0.033121,0.542560,-0.082606,-0.068777,0.119107
-0.030011,0.032561,0.542903,-0.086318,-0.059045,0.116492
-0.039385,0.028832,0.540730,-0.088537,-0.051112,0.115615
-0.047514,0.022265,0.537389,-0.089768,-0.044840,0.115733
-0.052832,0.014030,0.535449,-0.089993,-0.040733,0.114984
-0.053963,0.006073,0.536599,-0.088754,-0.038999,0.111525
-0.050995,-0.000034,0.539716,-0.085758,-0.038491,0.104814
-0.045331,-0.003533,0.542117,-0.081509,-0.037805,0.095708
-0.038590,-0.004487,0.541989,-0.077264,-0.036782,0.085548
-0.032203,-0.004037,0.539520,-0.073802,-0.036079,0.075379
-0.027442,-0.003655,0.535974,-0.071016,-0.036175,0.065753
-0.025563,-0.003970,0.532353,-0.068548,-0.037045,0.057013
-0.027573,-0.004555,0.529549,-0.066231,-0.038632,0.049694
-0.032518,-0.005330,0.527737,-0.064092,-0.040467,0.044219
-0.038084,-0.007120,0.526043,-0.062258,-0.041668,0.040448
-0.042826,-0.010419,0.524035,-0.060914,-0.042486,0.038201
-0.046257,-0.014879,0.522387,-0.060056,-0.044229,0.037732
-0.048084,-0.019911,0.521930,-0.059572,-0.047171,0.039258
-0.047918,-0.025126,0.522667,-0.059545,-0.049564,0.042404
-0.046014,-0.029858,0.524340,-0.060051,-0.049665,0.046401
-0.043445,-0.032991,0.527187,-0.060920,-0.047922,0.050549
-0.040894,-0.033683,0.531187,-0.061877,-0.045845,0.054106
-0.037919,-0.031849,0.535420,-0.062677,-0.044106,0.056305
-0.033822,-0.028322,0.538812,-0.063033,-0.043360,0.056939
-0.028880,-0.024707,0.540874,-0.062456,-0.045357,0.056418
-0.024238,-0.022596,0.541579,-0.060384,-0.051403,0.054972
-0.021366,-0.022392,0.541319,-0.056460,-0.060881,0.052303
-0.020986,-0.023478,0.540442,-0.050587,-0.071913,0.048164
-0.022059,-0.025486,0.538871,-0.042966,-0.082604,0.042817
-0.023208,-0.028023,0.537014,-0.034206,-0.092061,0.037044
-0.023776,-0.030294,0.535763,-0.025140,-0.100078,0.031817
-0.023196,-0.031897,0.535604,-0.016392,-0.105814,0.027828
-0.021535,-0.032787,0.536891,-0.008211,-0.108095,0.025412
-0.019326,-0.032972,0.539503,-0.000729,-0.106677,0.024750
-0.016442,-0.032281,0.542394,0.005674,-0.102309,0.025859
-0.012347,-0.029995,0.544637,0.010314,-0.095786,0.028291
-0.006711,-0.025586,0.545667,0.012506,-0.087355,0.030961
0.000333,-0.019603,0.545026,0.011959,-0.077275,0.032389
0.008402,-0.013312,0.542927,0.009184,-0.066413,0.031173
0.017040,-0.007825,0.540463,0.005351,-0.055494,0.026447
0.025007,-0.003368,0.539167,0.001459,-0.044775,0.018346
0.030566,0.000539,0.540215,-0.001920,-0.034776,0.008102
0.033464,0.003787,0.543451,-0.004194,-0.025623,-0.002702
0.034980,0.005497,0.547306,-0.004951,-0.016630,-0.012878
0.035589,0.005355,0.550161,-0.004451,-0.008318,-0.021496
0.037198,0.004593,0.549087,-0.002944,-0.001438,-0.027787
0.044967,0.005117,0.539549,-0.000694,0.006184,-0.031966
0.058067,0.007075,0.523723,0.000616,0.016250,-0.035158
0.066502,0.008721,0.512096,-0.000782,0.025584,-0.037630
0.064124,0.008381,0.511367,-0.004495,0.030145,-0.038924
0.054634,0.005652,0.518868,-0.009105,0.030285,-0.039519
0.043648,0.001470,0.528377,-0.013808,0.029272,-0.040319
0.033396,-0.003132,0.535512,-0.018289,0.029424,-0.041430
0.024349,-0.007574,0.538719,-0.022409,0.031101,-0.042235
0.016666,-0.011274,0.538724,-0.026048,0.033626,-0.042069
0.010106,-0.014197,0.537533,-0.028800,0.036052,-0.040749
0.004375,-0.017156,0.536795,-0.030157,0.037711,-0.038532
-0.000636,-0.020876,0.536777,-0.030068,0.038523,-0.035751
-0.004886,-0.025192,0.536370,-0.029128,0.038708,-0.032554
-0.008313,-0.029189,0.534169,-0.028236,0.038511,-0.028903
-0.011358,-0.031925,0.530124,-0.028170,0.037802,-0.024746
-0.014534,-0.033236,0.525692,-0.029279,0.035972,-0.020197
-0.017639,-0.033670,0.522574,-0.031223,0.032811,-0.015662
-0.020218,-0.033712,0.521822,-0.033162,0.028872,-0.011716
-0.021949,-0.033563,0.523665,-0.034208,0.024881,-0.008824
-0.022625,-0.033269,0.527612,-0.033735,0.021233,-0.007206
-0.022342,-0.032747,0.532221,-0.031534,0.018014,-0.006855
-0.021626,-0.031851,0.535502,-0.028001,0.015373,-0.007501
-0.021149,-0.030338,0.536198,-0.024185,0.013541,-0.008611
-0.021244,-0.028021,0.533951,-0.021428,0.012336,-0.009513
-,-,-,-,-,-
-0.000471,-0.000411,0.009436,-0.000643,0.000145,-0.000039
-0.002717,-0.002413,0.054613,-0.003716,0.000825,-0.000197
-0.007584,-0.006835,0.152156,-0.010295,0.002235,-0.000445
-0.014182,-0.012957,0.283602,-0.018968,0.003914,-0.000540
-0.020439,-0.019148,0.412788,-0.027058,0.004956,-0.000204
-0.024268,-0.024025,0.511911,-0.032437,0.004656,0.000567
-0.024707,-0.026978,0.569862,-0.034214,0.002994,0.001439
-0.022412,-0.028073,0.589804,-0.032806,0.000581,0.002094
-0.019077,-0.027395,0.582997,-0.029672,-0.001956,0.002568
-0.016344,-0.024953,0.562627,-0.026709,-0.004404,0.003152
-0.014692,-0.021496,0.539429,-0.025421,-0.006698,0.004029
-0.013536,-0.018349,0.520488,-0.026350,-0.008649,0.005130
-0.012277,-0.016365,0.509347,-0.029010,-0.010105,0.006229
-0.010844,-0.015774,0.506141,-0.032276,-0.011112,0.007060
-0.009379,-0.016444,0.508696,-0.035017,-0.011869,0.007456
-0.007710,-0.017989,0.514312,-0.036478,-0.012551,0.007416
-0.005615,-0.020002,0.520756,-0.036326,-0.013162,0.006997
-0.003202,-0.021925,0.526043,-0.034822,-0.013535,0.006288
-0.000584,-0.023074,0.528474,-0.032782,-0.013401,0.005468
0.002101,-0.023245,0.527547,-0.031133,-0.012436,0.004765
0.004344,-0.022959,0.524427,-0.030521,-0.010394,0.004336
0.005623,-0.023036,0.521158,-0.031104,-0.007252,0.004146
0.005840,-0.023919,0.519452,-0.032486,-0.003455,0.003984
0.005182,-0.025534,0.519949,-0.033925,0.000108,0.003639
0.003875,-0.027800,0.522126,-0.034745,0.002726,0.003074
0.002054,-0.030576,0.524864,-0.034718,0.004156,0.002525
-0.000167,-0.033299,0.527233,-0.034086,0.004310,0.002434
-0.002348,-0.035368,0.528927,-0.033273,0.003316,0.003106
-0.003868,-0.036554,0.529943,-0.032681,0.001765,0.004425
-0.004682,-0.036834,0.530002,-0.032698,0.000404,0.005946
-0.005350,-0.036400,0.528881,-0.033595,-0.000312,0.007127
-0.006347,-0.035913,0.527171,-0.035208,-0.000201,0.007538
-0.007835,-0.036104,0.526078,-0.036871,0.000819,0.007087
-0.009749,-0.037011,0.526569,-0.037797,0.002640,0.006090
-0.011967,-0.037978,0.528602,-0.037547,0.004852,0.005112
-0.014470,-0.038261,0.531016,-0.036288,0.006917,0.004726
-0.017152,-0.037213,0.532549,-0.034757,0.008403,0.005301
-0.019554,-0.034521,0.532657,-0.033821,0.009058,0.006789
-0.021208,-0.030851,0.531529,-0.033874,0.008978,0.008583
-0.022075,-0.027440,0.529887,-0.034636,0.008574,0.009795
-0.022241,-0.025095,0.528528,-0.035415,0.008132,0.009793
-0.021689,-0.023913,0.528153,-0.035509,0.007573,0.008451
-0.020593,-0.023522,0.529114,-0.034589,0.006783,0.006172
-0.019209,-0.023547,0.530855,-0.032877,0.005918,0.003765
-0.017463,-0.023675,0.532226,-0.031001,0.005196,0.002076
-0.015221,-0.023602,0.532560,-0.029642,0.004574,0.001594
-0.012878,-0.023421,0.532494,-0.029066,0.003751,0.002304
-0.011040,-0.023629,0.533313,-0.028918,0.002420,0.003779
-0.009893,-0.024361,0.535537,-0.028506,0.000594,0.005393
-0.009346,-0.025000,0.538565,-0.027173,-0.001444,0.006633
-0.009095,-0.024684,0.541225,-0.024693,-0.003545,0.007292
-0.008274,-0.022927,0.542406,-0.021462,-0.005726,0.007382
-0.006049,-0.019875,0.541389,-0.018217,-0.007944,0.006902
-0.002639,-0.016191,0.538244,-0.015618,-0.009900,0.005750
0.000969,-0.012696,0.534208,-0.014005,-0.011083,0.003773
0.004085,-0.010075,0.530842,-0.013348,-0.011165,0.000944
0.006434,-0.008806,0.528798,-0.013364,-0.010224,-0.002445
0.007740,-0.008984,0.527785,-0.013696,-0.008690,-0.005864
0.007959,-0.010017,0.527079,-0.014157,-0.007226,-0.008882
0.007560,-0.011056,0.526141,-0.014727,-0.006481,-0.011470
0.007054,-0.011931,0.525374,-0.015177,-0.006945,-0.013987
0.006364,-0.013207,0.526085,-0.014789,-0.008922,-0.016899
0.005164,-0.015208,0.528869,-0.012794,-0.012328,-0.020408
0.003452,-0.017496,0.532185,-0.009230,-0.016487,-0.024238
0.001416,-0.019243,0.533810,-0.005181,-0.020276,-0.027810
-0.000676,-0.019837,0.532953,-0.002253,-0.022548,-0.030553
-0.002635,-0.019439,0.530240,-0.001811,-0.022711,-0.032049
-0.004334,-0.018778,0.527018,-0.004287,-0.021135,-0.032082
-0.005271,-0.018425,0.524719,-0.008950,-0.018813,-0.030713
-0.005328,-0.018540,0.524481,-0.014322,-0.016633,-0.028341
-0.005589,-0.018949,0.526920,-0.018936,-0.015190,-0.025562
-0.006982,-0.019370,0.531420,-0.021894,-0.014730,-0.022947
-0.009189,-0.019618,0.536415,-0.023091,-0.015091,-0.020886
-0.011490,-0.019733,0.540646,-0.022987,-0.016021,-0.019477
-0.013546,-0.019940,0.543578,-0.022155,-0.017302,-0.018552
-0.015054,-0.020051,0.544967,-0.021273,-0.018769,-0.017759
-0.015320,-0.019341,0.544679,-0.021101,-0.020221,-0.016798
-0.013871,-0.017400,0.543190,-0.022050,-0.021172,-0.015681
-0.011195,-0.014615,0.541810,-0.023918,-0.021344,-0.014625
-0.008336,-0.011795,0.542125,-0.025967,-0.021255,-0.013768
-0.006172,-0.009607,0.544960,-0.027301,-0.021879,-0.013002
-0.005244,-0.008216,0.549264,-0.027424,-0.023921,-0.012062
-0.005173,-0.007195,0.552360,-0.026658,-0.027482,-0.010730
-0.004255,-0.005663,0.552028,-0.025979,-0.032107,-0.009021
-0.001556,-0.002654,0.548373,-0.026418,-0.037228,-0.007177
0.001745,0.002014,0.543476,-0.028721,-0.042616,-0.005472
0.004773,0.007068,0.539518,-0.033125,-0.047511,-0.004252
0.008308,0.010264,0.537769,-0.039110,-0.050096,-0.004012
0.013054,0.009634,0.538707,-0.045462,-0.048773,-0.004985
0.017812,0.005033,0.542219,-0.050891,-0.043536,-0.006486
0.020321,-0.001928,0.547800,-0.054557,-0.036403,-0.006973
0.020036,-0.009512,0.554535,-0.055928,-0.030472,-0.004836
0.018157,-0.016267,0.560955,-0.054673,-0.028046,0.001077
0.015474,-0.021092,0.565188,-0.050934,-0.029448,0.011094
0.011900,-0.023747,0.565639,-0.045729,-0.033865,0.024368
0.007700,-0.024612,0.561750,-0.040853,-0.040564,0.039036
0.004192,-0.024366,0.554029,-0.037965,-0.048254,0.052747
0.002721,-0.024101,0.544316,-0.037852,-0.054596,0.063371
0.003664,-0.025186,0.535870,-0.040188,-0.057362,0.069481
0.006333,-0.028461,0.531592,-0.043660,-0.055909,0.070759
0.008930,-0.033580,0.532601,-0.046598,-0.051736,0.068764
0.009514,-0.039866,0.538741,-0.047415,-0.047627,0.066963
0.007543,-0.047144,0.548651,-0.044957,-0.046392,0.069234
0.004297,-0.054631,0.558881,-0.039161,-0.049674,0.077705
0.002009,-0.060407,0.564124,-0.031249,-0.056956,0.091420
0.002350,-0.062330,0.559868,-0.023435,-0.065803,0.107133
0.005962,-0.058831,0.545702,-0.018218,-0.072833,0.121105
0.012614,-0.050020,0.525971,-0.017159,-0.074944,0.130181
0.020867,-0.038071,0.507232,-0.020167,-0.070709,0.132356
0.028794,-0.025900,0.494601,-0.025701,-0.060784,0.127266
0.035197,-0.015863,0.489954,-0.031713,-0.047507,0.116193
0.039206,-0.009715,0.492323,-0.036814,-0.034332,0.101506
0.039825,-0.008219,0.498596,-0.040790,-0.024299,0.085719
0.037108,-0.010456,0.504916,-0.044099,-0.018462,0.070624
0.032456,-0.015007,0.509109,-0.047100,-0.016367,0.057279
0.027281,-0.021039,0.511638,-0.049751,-0.016878,0.046344
0.022450,-0.027410,0.513910,-0.051678,-0.018119,0.037960
0.018690,-0.032371,0.516523,-0.052526,-0.018290,0.031786
0.016656,-0.034880,0.519164,-0.052220,-0.017041,0.027383
0.016620,-0.035056,0.521202,-0.050982,-0.015519,0.024405
0.018288,-0.033596,0.522281,-0.049253,-0.015147,0.022686
0.020858,-0.031554,0.522302,-0.047544,-0.016558,0.022182
0.023559,-0.029922,0.521181,-0.046295,-0.019468,0.022439
0.026013,-0.029216,0.519279,-0.045717,-0.023239,0.022255
0.027854,-0.029552,0.517493,-0.045644,-0.027496,0.020506
0.028936,-0.030591,0.516438,-0.045835,-0.032275,0.017291
0.030034,-0.031502,0.515873,-0.046366,-0.037329,0.013839
0.032198,-0.031723,0.515204,-0.047407,-0.041320,0.011333
-,-,-,-,-,-
0.000996,-0.000334,0.009277,-0.001226,-0.000531,0.000408
0.005742,-0.002138,0.053772,-0.007068,-0.002864,0.002351
0.015736,-0.006656,0.149894,-0.019529,-0.007237,0.006528
0.028607,-0.013799,0.278971,-0.035944,-0.011772,0.012084
0.040599,-0.021756,0.404323,-0.051770,-0.014044,0.017396
0.049382,-0.028061,0.498153,-0.064417,-0.012833,0.021462
0.054438,-0.031136,0.550799,-0.073688,-0.008197,0.024072
0.056451,-0.030960,0.567605,-0.080360,-0.000360,0.024724
0.055899,-0.029078,0.561353,-0.085125,0.010101,0.022206
0.052561,-0.027892,0.545697,-0.088274,0.021544,0.015622
0.046940,-0.029148,0.530630,-0.089660,0.032160,0.005275
0.040484,-0.033197,0.521086,-0.088987,0.040633,-0.007457
0.033593,-0.039421,0.518169,-0.086281,0.045690,-0.020544
0.025476,-0.046798,0.520627,-0.082150,0.046333,-0.031932
0.016217,-0.053952,0.526109,-0.077402,0.043179,-0.040357
0.007368,-0.059486,0.532186,-0.072714,0.038434,-0.046035
0.001247,-0.062699,0.537200,-0.068525,0.033707,-0.051112
0.000189,-0.063606,0.540476,-0.064143,0.028944,-0.057126
0.004339,-0.062518,0.541119,-0.058211,0.023632,-0.061480
0.010750,-0.059491,0.537862,-0.051057,0.017853,-0.060259
0.016219,-0.054738,0.530956,-0.045020,0.012196,-0.052928
0.019399,-0.050187,0.523203,-0.042093,0.007404,-0.041888
0.020384,-0.049082,0.518356,-0.042031,0.004149,-0.030318
0.019847,-0.052745,0.518042,-0.042919,0.002568,-0.020839
0.018823,-0.058537,0.520631,-0.043053,0.001790,-0.014362
0.018940,-0.062497,0.522891,-0.042154,0.000634,-0.009918
0.021454,-0.063143,0.522620,-0.041311,-0.001276,-0.005849
0.025677,-0.061566,0.520281,-0.041785,-0.003357,-0.001389
0.029751,-0.059559,0.517747,-0.043909,-0.004880,0.003011
0.032702,-0.058500,0.516373,-0.047101,-0.006057,0.006458
0.034461,-0.058683,0.516363,-0.050432,-0.007711,0.008140
0.035053,-0.059439,0.516682,-0.053156,-0.009906,0.007690
0.034617,-0.060275,0.516288,-0.055049,-0.012287,0.005513
0.033984,-0.061115,0.515106,-0.056352,-0.014755,0.002425
0.034289,-0.061893,0.513786,-0.057413,-0.016738,-0.000850
0.035159,-0.063166,0.513960,-0.058194,-0.017413,-0.003685
0.034754,-0.065745,0.517400,-0.058255,-0.016909,-0.005477
0.031939,-0.069949,0.524236,-0.057075,-0.016219,-0.005796
0.027081,-0.076024,0.532924,-0.054035,-0.016137,-0.004687
0.021431,-0.082795,0.540800,-0.048973,-0.016898,-0.002439
0.017404,-0.086490,0.544459,-0.043127,-0.018319,0.001096
0.017991,-0.083732,0.541896,-0.038891,-0.019897,0.006174
0.023744,-0.075395,0.534484,-0.038211,-0.021199,0.011942
0.032101,-0.066571,0.525712,-0.040995,-0.021949,0.016228
0.040105,-0.061816,0.518906,-0.045259,-0.022078,0.017453
0.045426,-0.061187,0.516058,-0.048766,-0.022372,0.015896
0.046629,-0.062511,0.516693,-0.050522,-0.023878,0.011709
0.044305,-0.064842,0.518369,-0.050956,-0.026191,0.004199
0.040187,-0.068109,0.519320,-0.051035,-0.027957,-0.006072
0.035849,-0.071522,0.518871,-0.051709,-0.028453,-0.016948
0.032409,-0.073951,0.516755,-0.053764,-0.027295,-0.025860
0.030157,-0.075506,0.514100,-0.057245,-0.024101,-0.030758
0.028809,-0.077315,0.512574,-0.061105,-0.018702,-0.030834
0.028494,-0.080061,0.512280,-0.063962,-0.011352,-0.026439
0.029537,-0.083056,0.512272,-0.065251,-0.003499,-0.018951
0.031188,-0.084685,0.512101,-0.065528,0.002502,-0.010827
0.032449,-0.084077,0.512134,-0.065633,0.004896,-0.004653
0.032984,-0.082271,0.513773,-0.065532,0.003118,-0.002006
0.032440,-0.081660,0.518444,-0.064142,-0.002265,-0.003152
0.030838,-0.083781,0.525132,-0.060502,-0.009542,-0.007048
0.029029,-0.087911,0.530652,-0.054868,-0.016379,-0.011781
0.027892,-0.092166,0.532874,-0.048494,-0.020501,-0.015619
0.027395,-0.095316,0.532622,-0.042588,-0.020664,-0.017678
0.027078,-0.097357,0.531874,-0.037853,-0.017806,-0.017688
0.027384,-0.098387,0.531055,-0.034748,-0.013937,-0.015831
0.028982,-0.097499,0.529675,-0.033608,-0.009923,-0.012906
0.031145,-0.094361,0.527966,-0.034434,-0.005882,-0.009856
0.032550,-0.090413,0.526428,-0.036752,-0.002465,-0.007068
0.033078,-0.087000,0.525295,-0.039848,-0.000338,-0.004534
0.034062,-0.084360,0.524738,-0.043090,0.001000,-0.002572
0.036522,-0.082217,0.524952,-0.045976,0.003066,-0.001943
0.039730,-0.080226,0.526130,-0.047989,0.006917,-0.003085
0.042502,-0.078787,0.528389,-0.048586,0.012327,-0.005665
0.044364,-0.078817,0.531318,-0.047509,0.018407,-0.009032
0.045094,-0.080183,0.533367,-0.045057,0.024095,-0.012523
0.044448,-0.081640,0.532799,-0.042125,0.028175,-0.015439
0.042279,-0.082053,0.529664,-0.039944,0.030059,-0.017387
0.039028,-0.081207,0.525812,-0.039322,0.030159,-0.018430
0.035817,-0.079900,0.522947,-0.040148,0.029003,-0.018753
0.033645,-0.079180,0.521572,-0.041727,0.026997,-0.018675
0.033085,-0.079627,0.521476,-0.043211,0.024679,-0.018704
0.033995,-0.081130,0.522303,-0.043904,0.022210,-0.019130
0.035140,-0.082982,0.523585,-0.043486,0.019304,-0.019903
0.035267,-0.084597,0.524783,-0.041969,0.015817,-0.021011
0.034102,-0.085780,0.525565,-0.039639,0.011844,-0.022477
0.032043,-0.086306,0.525649,-0.037002,0.007578,-0.024000
0.029461,-0.086087,0.524715,-0.034593,0.003505,-0.024985
0.026390,-0.085338,0.523030,-0.032945,0.000269,-0.024879
0.023188,-0.084364,0.521589,-0.032400,-0.001821,-0.023424
0.021017,-0.083470,0.521187,-0.032627,-0.002736,-0.020958
0.020809,-0.082744,0.521595,-0.032899,-0.002519,-0.018352
0.022477,-0.082100,0.521756,-0.032872,-0.001343,-0.016493
0.025001,-0.081656,0.521109,-0.032682,0.000229,-0.015813
0.026811,-0.081746,0.520571,-0.032508,0.000992,-0.016115
0.027369,-0.082562,0.521133,-0.032209,-0.000006,-0.016966
0.027524,-0.083639,0.522482,-0.031513,-0.002583,-0.018079
0.027942,-0.084166,0.523953,-0.030313,-0.006117,-0.019331
0.028536,-0.083958,0.525158,-0.028615,-0.010070,-0.020798
0.028788,-0.083388,0.525552,-0.026602,-0.013714,-0.022509
0.028307,-0.082645,0.524854,-0.024698,-0.016520,-0.024043
0.027348,-0.081579,0.523471,-0.023337,-0.018581,-0.024700
0.026766,-0.080250,0.521918,-0.022678,-0.020021,-0.024101
0.027139,-0.079257,0.520722,-0.022652,-0.020806,-0.022374
0.028014,-0.079349,0.520621,-0.023188,-0.021193,-0.019921
0.028792,-0.080710,0.521695,-0.024253,-0.021262,-0.017328
0.029350,-0.082623,0.523062,-0.025787,-0.020577,-0.015193
0.029388,-0.084196,0.524109,-0.027748,-0.019085,-0.013762
0.028951,-0.085186,0.524903,-0.030087,-0.017629,-0.012879
0.029137,-0.085825,0.525568,-0.032555,-0.016944,-0.012353
0.030846,-0.086277,0.526338,-0.034683,-0.016862,-0.012227
0.033923,-0.086409,0.527551,-0.036105,-0.017102,-0.012650
0.038144,-0.085980,0.528819,-0.036769,-0.017565,-0.013779
0.043053,-0.084664,0.529109,-0.036807,-0.017432,-0.015805
0.047523,-0.082020,0.527629,-0.036481,-0.015802,-0.018775
0.051091,-0.078106,0.523683,-0.036307,-0.012835,-0.022537
0.053455,-0.074284,0.517685,-0.036899,-0.008936,-0.026601
0.053440,-0.072638,0.512373,-0.038432,-0.004138,-0.030335
0.050388,-0.073945,0.510720,-0.040432,0.001049,-0.033529
0.044890,-0.077339,0.513484,-0.042068,0.005455,-0.036153
0.038561,-0.081489,0.518911,-0.042589,0.008229,-0.037779
0.032154,-0.085936,0.525840,-0.041478,0.009718,-0.037410
0.024384,-0.091815,0.535628,-0.038267,0.010872,-0.034504
0.016407,-0.098745,0.546716,-0.033176,0.011643,-0.030622
0.013001,-0.103189,0.553173,-0.027911,0.011788,-0.028330
0.016377,-0.102601,0.552009,-0.024544,0.012407,-0.028721
0.023816,-0.098337,0.546073,-0.023787,0.014448,-0.031159
0.031224,-0.093677,0.540050,-0.024786,0.017455,-0.034359
0.036410,-0.090450,0.536358,-0.026039,0.020445,-0.037315
-,-,-,-,-,-
0.000840,-0.001549,0.009589,-0.000391,0.000474,-0.000758
0.004756,-0.008883,0.055005,-0.002302,0.002809,-0.004410
0.012948,-0.024368,0.151701,-0.006621,0.008156,-0.012453
0.023127,-0.044532,0.280043,-0.012969,0.015921,-0.023637
0.031112,-0.063835,0.404665,-0.020052,0.023925,-0.034968
0.034303,-0.078874,0.499359,-0.026322,0.029861,-0.043786
0.033063,-0.088383,0.553745,-0.030691,0.032734,-0.048863
0.029640,-0.092778,0.571662,-0.033005,0.033060,-0.050550
0.026460,-0.094035,0.565300,-0.033758,0.031776,-0.050268
0.024632,-0.094209,0.548015,-0.033676,0.029258,-0.049563
0.023709,-0.093902,0.529444,-0.033427,0.025632,-0.049248
0.022748,-0.092998,0.514799,-0.033425,0.021277,-0.049263
0.021354,-0.092329,0.506456,-0.033712,0.016617,-0.049142
0.020020,-0.093226,0.504814,-0.033893,0.011875,-0.048475
0.019714,-0.095782,0.508060,-0.033441,0.007062,-0.047133
0.021127,-0.098698,0.512805,-0.032306,0.002326,-0.045305
0.023925,-0.100554,0.516412,-0.031009,-0.001918,-0.043257
0.026990,-0.100802,0.518218,-0.030106,-0.005351,-0.041091
0.029661,-0.099821,0.518817,-0.029796,-0.007873,-0.038827
0.031991,-0.098219,0.519151,-0.030033,-0.009604,-0.036519
0.034137,-0.096398,0.519610,-0.030689,-0.010831,-0.034306
0.036149,-0.094847,0.520102,-0.031518,-0.011859,-0.032535
0.038011,-0.094293,0.520847,-0.032167,-0.012957,-0.031632
0.039721,-0.095304,0.522115,-0.032343,-0.014154,-0.031787
0.041275,-0.097715,0.523764,-0.031877,-0.015153,-0.032862
0.042728,-0.100574,0.525525,-0.030771,-0.015690,-0.034484
0.044333,-0.102788,0.527184,-0.029226,-0.015669,-0.036256
0.046121,-0.103581,0.528281,-0.027576,-0.014887,-0.037915
0.047481,-0.102814,0.528201,-0.026205,-0.013187,-0.039279
0.047596,-0.101112,0.526838,-0.025515,-0.010925,-0.040169
0.045930,-0.099339,0.524803,-0.025723,-0.008778,-0.040460
0.042514,-0.098193,0.522827,-0.026624,-0.007177,-0.040148
0.038351,-0.098142,0.521285,-0.027737,-0.006272,-0.039283
0.034647,-0.099263,0.520448,-0.028563,-0.006176,-0.037987
0.031504,-0.101040,0.520468,-0.028790,-0.007033,-0.036472
0.028595,-0.102591,0.520957,-0.028520,-0.008842,-0.034910
0.026446,-0.103609,0.521468,-0.028107,-0.011111,-0.033425
0.025676,-0.104559,0.522161,-0.027686,-0.013094,-0.032032
0.026108,-0.105684,0.523262,-0.027120,-0.014422,-0.030502
0.027564,-0.106480,0.524488,-0.026221,-0.015015,-0.028741
0.030258,-0.106315,0.525469,-0.024942,-0.014807,-0.027185
0.034005,-0.105297,0.525781,-0.023374,-0.014005,-0.026500
0.037867,-0.104043,0.524722,-0.021724,-0.013124,-0.026964
0.040765,-0.102936,0.522154,-0.020398,-0.012577,-0.028265
0.041973,-0.101877,0.519222,-0.019797,-0.012563,-0.029799
0.041225,-0.100831,0.517710,-0.019881,-0.013260,-0.030976
0.039268,-0.100553,0.518581,-0.020042,-0.014681,-0.031445
0.037476,-0.101582,0.521119,-0.019623,-0.016493,-0.031171
0.036500,-0.103317,0.523548,-0.018426,-0.018102,-0.030275
0.036478,-0.104927,0.524175,-0.016738,-0.018916,-0.028863
0.037607,-0.105762,0.522319,-0.015248,-0.018732,-0.027015
0.039813,-0.105152,0.518627,-0.014731,-0.017824,-0.025006
0.042701,-0.102931,0.514551,-0.015611,-0.016593,-0.023345
0.045657,-0.099667,0.511410,-0.017749,-0.015233,-0.022512
0.047992,-0.096397,0.509703,-0.020544,-0.013785,-0.022655
0.049132,-0.094104,0.509495,-0.023295,-0.012351,-0.023504
0.048827,-0.093307,0.510881,-0.025345,-0.011123,-0.024487
0.047587,-0.094072,0.513261,-0.026185,-0.010201,-0.025042
0.046513,-0.095562,0.515295,-0.025901,-0.009409,-0.024892
0.046341,-0.096404,0.516140,-0.025216,-0.008398,-0.024063
0.046888,-0.096105,0.516158,-0.024789,-0.006978,-0.022845
0.047751,-0.095321,0.516174,-0.024744,-0.005390,-0.021707
0.049122,-0.094677,0.516212,-0.024963,-0.004131,-0.021077
0.051217,-0.093778,0.515741,-0.025551,-0.003483,-0.021065
0.053356,-0.092077,0.514846,-0.026898,-0.003373,-0.021396
0.054356,-0.090222,0.514408,-0.029185,-0.003497,-0.021718
0.053516,-0.089580,0.515314,-0.031804,-0.003616,-0.021930
0.050739,-0.090788,0.517529,-0.033460,-0.003972,-0.022073
0.046442,-0.093536,0.520333,-0.032998,-0.005107,-0.022119
0.041796,-0.097215,0.523314,-0.030082,-0.007310,-0.022021
0.038270,-0.100887,0.525839,-0.025208,-0.010458,-0.021843
0.036821,-0.103383,0.526680,-0.019466,-0.014153,-0.021687
0.037640,-0.104011,0.525602,-0.014114,-0.017880,-0.021620
0.040193,-0.102975,0.523744,-0.009950,-0.021108,-0.021700
0.043564,-0.101195,0.522048,-0.007163,-0.023424,-0.021914
0.046710,-0.099619,0.520827,-0.005713,-0.024690,-0.022122
0.048717,-0.098785,0.520727,-0.005350,-0.025002,-0.022154
0.049296,-0.098750,0.522592,-0.005406,-0.024386,-0.021975
0.048975,-0.099196,0.526080,-0.005219,-0.022692,-0.021651
0.048965,-0.100036,0.529495,-0.004579,-0.020060,-0.021134
0.050556,-0.101211,0.531089,-0.003538,-0.016874,-0.020303
0.054320,-0.101950,0.530103,-0.002352,-0.013219,-0.019359
0.059238,-0.101909,0.527228,-0.001451,-0.009413,-0.018693
0.062788,-0.101859,0.524208,-0.001063,-0.006446,-0.018263
0.063357,-0.102178,0.522312,-0.001120,-0.005077,-0.017679
0.061511,-0.102394,0.521634,-0.001458,-0.005278,-0.016797
0.058508,-0.102105,0.521561,-0.001889,-0.006450,-0.015818
0.055480,-0.101397,0.521103,-0.002417,-0.007569,-0.015048
0.052998,-0.100606,0.519796,-0.003405,-0.007869,-0.014686
0.051101,-0.099969,0.518276,-0.005108,-0.007842,-0.014808
0.050532,-0.099681,0.517249,-0.007185,-0.008651,-0.015454
0.051949,-0.100246,0.516762,-0.008699,-0.010372,-0.016539
0.054302,-0.101847,0.516813,-0.008858,-0.011832,-0.017816
0.055733,-0.103114,0.517595,-0.008190,-0.011928,-0.019019
0.055504,-0.102537,0.518532,-0.008122,-0.010655,-0.019755
0.054348,-0.100675,0.518487,-0.009384,-0.009257,-0.019447
0.053149,-0.098940,0.517661,-0.011589,-0.008964,-0.017906
0.052534,-0.098021,0.517254,-0.013712,-0.009740,-0.015772
0.052945,-0.098037,0.517695,-0.014975,-0.010875,-0.013882
0.054184,-0.098199,0.519127,-0.015590,-0.011848,-0.012614
0.055469,-0.097361,0.521806,-0.016015,-0.012380,-0.012011
0.056431,-0.095454,0.524741,-0.016037,-0.012171,-0.011993
0.057685,-0.093237,0.526126,-0.015354,-0.010862,-0.012408
0.059168,-0.091564,0.525636,-0.014272,-0.008734,-0.012988
0.059968,-0.091023,0.524159,-0.013364,-0.006599,-0.013447
0.060071,-0.091696,0.522314,-0.012840,-0.004900,-0.013756
0.059622,-0.093328,0.521000,-0.012407,-0.003735,-0.014008
0.058099,-0.095294,0.521262,-0.011866,-0.003148,-0.014109
0.055469,-0.096955,0.523099,-0.011529,-0.003077,-0.013850
0.052411,-0.098053,0.525875,-0.011609,-0.003415,-0.013131
0.049570,-0.098765,0.529113,-0.011709,-0.004165,-0.012051
0.047525,-0.099452,0.532386,-0.011237,-0.005309,-0.010877
0.046820,-0.099863,0.535220,-0.009864,-0.006551,-0.009825
0.047204,-0.100076,0.537348,-0.007396,-0.007721,-0.008802
0.047829,-0.100539,0.538678,-0.003831,-0.008816,-0.007532
0.048913,-0.099821,0.538664,-0.000056,-0.009236,-0.005973
0.051505,-0.096624,0.536591,0.002323,-0.008406,-0.004420
0.055655,-0.092056,0.532632,0.002371,-0.006512,-0.003359
0.059844,-0.087184,0.528185,0.000229,-0.004093,-0.003273
0.062081,-0.082402,0.525054,-0.003419,-0.001886,-0.004325
0.061843,-0.078986,0.523840,-0.007374,-0.000441,-0.006358
0.060133,-0.078228,0.523766,-0.010280,0.000252,-0.009000
0.057877,-0.079644,0.524119,-0.011512,0.000404,-0.011715
0.055436,-0.081537,0.524736,-0.011187,0.000223,-0.013889
0.053079,-0.082912,0.525570,-0.009374,0.000142,-0.014951
0.051273,-0.084055,0.526707,-0.005816,0.000749,-0.014522
0.050419,-0.085547,0.528368,-0.000593,0.002338,-0.012464
0.050307,-0.087343,0.530522,0.005623,0.004811,-0.008833
-,-,-,-,-,-
0.000999,-0.001193,0.009268,0.000298,0.000206,0.000268
0.005765,-0.006552,0.053409,0.001615,0.001296,0.001603
0.016003,-0.017479,0.148167,0.004037,0.003978,0.004569
0.029694,-0.031532,0.275261,0.006391,0.008107,0.008552
0.042802,-0.044963,0.400127,0.007599,0.012532,0.012147
0.051765,-0.055722,0.496600,0.007876,0.015784,0.014139
0.054869,-0.063361,0.554216,0.008089,0.016792,0.014032
0.052845,-0.067279,0.576108,0.008706,0.015277,0.012041
0.048151,-0.067155,0.572903,0.009598,0.011756,0.008769
0.043402,-0.064330,0.556778,0.010331,0.007098,0.004945
0.040255,-0.061034,0.537847,0.010420,0.001980,0.001311
0.039556,-0.058896,0.522311,0.009524,-0.003101,-0.001572
0.041678,-0.058123,0.512310,0.007591,-0.007598,-0.003577
0.046155,-0.058024,0.507573,0.004892,-0.011119,-0.005103
0.051826,-0.058385,0.506849,0.001863,-0.013576,-0.006814
0.057621,-0.059564,0.508320,-0.001050,-0.014995,-0.009162
0.062492,-0.061818,0.510444,-0.003522,-0.015536,-0.012075
0.064886,-0.065053,0.513128,-0.005356,-0.015641,-0.014893
0.064179,-0.068663,0.516831,-0.006149,-0.015759,-0.016630
0.061717,-0.071443,0.520749,-0.005479,-0.016004,-0.016530
0.058828,-0.072259,0.523347,-0.003764,-0.016062,-0.014489
0.056228,-0.071049,0.523894,-0.002291,-0.015519,-0.011149
0.054949,-0.068539,0.522852,-0.002230,-0.014522,-0.007681
0.055757,-0.065462,0.521066,-0.003922,-0.013689,-0.005345
0.058592,-0.062768,0.519093,-0.006925,-0.013417,-0.005018
0.062406,-0.061625,0.517711,-0.010384,-0.013612,-0.006888
0.065419,-0.062641,0.517951,-0.013314,-0.013871,-0.010369
0.065994,-0.065542,0.520330,-0.014900,-0.013912,-0.014222
0.063364,-0.068559,0.524934,-0.014925,-0.013883,-0.016947
0.057891,-0.068982,0.531409,-0.013683,-0.014040,-0.017542
0.051050,-0.066998,0.537978,-0.011504,-0.014449,-0.016012
0.045327,-0.065580,0.541788,-0.008770,-0.014833,-0.013180
0.042950,-0.065293,0.541326,-0.006233,-0.014634,-0.010108
0.044659,-0.064427,0.537327,-0.004788,-0.013574,-0.007720
0.049663,-0.062746,0.531558,-0.005024,-0.012061,-0.006693
0.055933,-0.061273,0.525930,-0.007024,-0.011092,-0.007294
0.061662,-0.060919,0.521566,-0.010119,-0.011372,-0.009340
0.066066,-0.062099,0.518547,-0.013194,-0.012673,-0.012185
0.068772,-0.064019,0.516463,-0.015553,-0.014310,-0.014746
0.069357,-0.065416,0.514830,-0.017016,-0.015789,-0.015942
0.066746,-0.066446,0.514170,-0.017346,-0.017175,-0.015274
0.060914,-0.068244,0.515281,-0.016394,-0.018653,-0.013131
0.054377,-0.070685,0.517678,-0.014467,-0.020115,-0.010487
0.049855,-0.072261,0.520125,-0.012158,-0.021736,-0.008181
0.048996,-0.071798,0.521164,-0.010246,-0.023836,-0.006638
0.052550,-0.068675,0.520023,-0.009651,-0.026075,-0.006011
0.059075,-0.062793,0.517833,-0.010978,-0.027681,-0.006228
0.065181,-0.056231,0.516609,-0.013817,-0.028243,-0.007013
0.068572,-0.052263,0.517404,-0.016932,-0.027844,-0.008018
0.069204,-0.052442,0.519819,-0.019126,-0.026739,-0.008757
0.068174,-0.056327,0.522501,-0.019865,-0.025070,-0.008669
0.067558,-0.061819,0.523800,-0.019538,-0.022516,-0.007678
0.069103,-0.065886,0.523009,-0.019112,-0.018687,-0.006275
0.071873,-0.066467,0.521814,-0.019452,-0.014132,-0.004962
0.073481,-0.064286,0.522675,-0.020752,-0.010162,-0.004172
0.073325,-0.062440,0.525665,-0.022646,-0.007738,-0.004366
0.072315,-0.062782,0.529215,-0.024856,-0.007137,-0.005523
0.071394,-0.064798,0.532052,-0.027138,-0.007851,-0.007023
0.071761,-0.068130,0.533213,-0.028916,-0.008641,-0.008301
0.073568,-0.072328,0.532872,-0.029700,-0.008629,-0.008988
0.074630,-0.075065,0.532722,-0.029551,-0.008036,-0.008765
0.073498,-0.073969,0.533323,-0.029021,-0.007237,-0.007762
0.072588,-0.069670,0.532490,-0.028702,-0.005486,-0.006704
0.075030,-0.065124,0.528604,-0.028999,-0.001751,-0.006309
0.080327,-0.062672,0.522846,-0.030266,0.003665,-0.006752
0.085309,-0.062314,0.517257,-0.032713,0.009575,-0.007785
0.086972,-0.062557,0.513756,-0.036285,0.014898,-0.008928
0.083926,-0.063157,0.513521,-0.040342,0.019061,-0.009641
0.076982,-0.065153,0.515735,-0.043812,0.022146,-0.009450
0.068477,-0.068624,0.518390,-0.046350,0.024550,-0.007756
0.060309,-0.072262,0.520400,-0.048454,0.026780,-0.003976
0.053393,-0.074400,0.521731,-0.050419,0.029609,0.001984
0.048887,-0.074335,0.521870,-0.052122,0.033899,0.009635
0.047832,-0.072486,0.520306,-0.053668,0.039838,0.018077
0.050094,-0.070034,0.517518,-0.055514,0.046734,0.025988
0.054140,-0.068820,0.514525,-0.057631,0.053306,0.031783
0.057020,-0.070125,0.512673,-0.059145,0.057624,0.034227
0.056088,-0.073908,0.513243,-0.058870,0.057278,0.032949
0.051278,-0.078986,0.516719,-0.055981,0.050480,0.028371
0.044829,-0.083021,0.522681,-0.050356,0.037482,0.021255
0.039209,-0.083956,0.529593,-0.042458,0.020549,0.012721
0.036400,-0.081507,0.534522,-0.033415,0.002963,0.004599
0.038163,-0.076406,0.534631,-0.025239,-0.011611,-0.000965
0.045020,-0.070381,0.529741,-0.020214,-0.020176,-0.002711
0.054812,-0.065865,0.523099,-0.019458,-0.021951,-0.001039
0.063247,-0.064045,0.518809,-0.022009,-0.018658,0.002338
0.067395,-0.064162,0.518396,-0.025917,-0.013439,0.005531
0.067541,-0.064488,0.520936,-0.030016,-0.009509,0.007444
0.065408,-0.064561,0.525107,-0.033662,-0.008497,0.007694
0.063419,-0.065996,0.529572,-0.035819,-0.010014,0.006284
0.064076,-0.069938,0.532691,-0.035766,-0.012853,0.003702
0.067383,-0.074831,0.533657,-0.033891,-0.015548,0.000802
0.070874,-0.078226,0.533546,-0.031231,-0.016909,-0.001594
0.072289,-0.079264,0.534279,-0.028662,-0.017011,-0.002991
0.070059,-0.077784,0.537208,-0.026739,-0.016948,-0.003221
0.063947,-0.073780,0.542125,-0.025786,-0.017329,-0.002399
0.057304,-0.068688,0.546921,-0.025582,-0.017278,-0.001076
0.054267,-0.064919,0.549641,-0.025456,-0.015656,-0.000014
0.054916,-0.064111,0.550253,-0.024745,-0.012716,0.000279
0.057156,-0.066136,0.548963,-0.023076,-0.009568,-0.000387
0.060331,-0.069037,0.545257,-0.020837,-0.006895,-0.001984
0.064448,-0.070518,0.539766,-0.019151,-0.004992,-0.004397
0.068765,-0.069421,0.534562,-0.018837,-0.004342,-0.007516
0.072393,-0.065752,0.531269,-0.019760,-0.005431,-0.011142
0.074528,-0.060717,0.530030,-0.021177,-0.007908,-0.014931
0.074851,-0.056690,0.529666,-0.022369,-0.010386,-0.018466
0.074512,-0.056075,0.528517,-0.023006,-0.011567,-0.021218
0.074415,-0.059181,0.526237,-0.023184,-0.011113,-0.022629
0.073995,-0.063423,0.524037,-0.023240,-0.009049,-0.022619
0.072734,-0.066049,0.522668,-0.023341,-0.005417,-0.021773
0.070510,-0.066684,0.521883,-0.023457,-0.001232,-0.020779
0.066807,-0.066435,0.521339,-0.023482,0.001921,-0.020030
0.060646,-0.066230,0.521077,-0.023159,0.003365,-0.019807
0.052887,-0.066530,0.521307,-0.022603,0.002898,-0.020383
0.047692,-0.067417,0.521425,-0.022325,0.000277,-0.021861
0.048400,-0.068300,0.520220,-0.022451,-0.004034,-0.024037
0.054124,-0.068332,0.517223,-0.022789,-0.008970,-0.026506
0.061888,-0.068259,0.513284,-0.023296,-0.013640,-0.028978
0.069029,-0.070649,0.510149,-0.023914,-0.017583,-0.031307
0.073549,-0.076130,0.509226,-0.024304,-0.020518,-0.033131
0.074539,-0.081679,0.510547,-0.024169,-0.022233,-0.033901
0.072636,-0.084213,0.512984,-0.023554,-0.022834,-0.033359
0.069856,-0.083317,0.514906,-0.022489,-0.022276,-0.031739
0.068188,-0.080553,0.515108,-0.020863,-0.020251,-0.029498
0.067821,-0.077193,0.514034,-0.018976,-0.017389,-0.026945
0.067984,-0.073683,0.513322,-0.017599,-0.015130,-0.024433
0.068582,-0.070971,0.514296,-0.017094,-0.014412,-0.022636
0.070104,-0.069640,0.516952,-0.017033,-0.015226,-0.022119
-,-,-,-,-,-
0.001502,-0.001368,0.009368,-0.000254,-0.000375,-0.000537
0.008263,-0.007957,0.054068,-0.001563,-0.002050,-0.003048
0.021910,-0.022320,0.150061,-0.004583,-0.005398,-0.008241
0.039482,-0.042043,0.278350,-0.008887,-0.009611,-0.014768
0.056740,-0.061880,0.403185,-0.013536,-0.013605,-0.020568
0.070350,-0.077194,0.497953,-0.017940,-0.016569,-0.024318
0.078492,-0.086264,0.552821,-0.021542,-0.018046,-0.025661
0.081343,-0.090132,0.572386,-0.023735,-0.017703,-0.025117
0.081211,-0.089825,0.568169,-0.024451,-0.014783,-0.023790
0.081041,-0.085751,0.552019,-0.024179,-0.009413,-0.022709
0.081148,-0.079172,0.533963,-0.023701,-0.003914,-0.022346
0.080135,-0.072427,0.520680,-0.023906,-0.000927,-0.022792
0.077730,-0.068908,0.514240,-0.024837,-0.001561,-0.023977
0.074721,-0.071415,0.512966,-0.025437,-0.005210,-0.025656
0.072536,-0.078451,0.513990,-0.025244,-0.009660,-0.027360
0.071882,-0.085404,0.515857,-0.025041,-0.012591,-0.028378
0.071961,-0.089212,0.518181,-0.025456,-0.013204,-0.028100
0.072171,-0.089315,0.520112,-0.026256,-0.011858,-0.026545
0.072575,-0.086499,0.520601,-0.026862,-0.009281,-0.024377
0.073002,-0.081957,0.519147,-0.027006,-0.006321,-0.022431
0.073121,-0.076858,0.516117,-0.027001,-0.003673,-0.021264
0.072978,-0.072568,0.512866,-0.027375,-0.001589,-0.021027
0.072868,-0.070732,0.511394,-0.028336,-0.000048,-0.021563
0.072656,-0.072552,0.512889,-0.029455,0.000922,-0.022564
0.071339,-0.077597,0.516415,-0.029856,0.001353,-0.023561
0.067438,-0.083513,0.520380,-0.029112,0.001241,-0.023776
0.060855,-0.087439,0.524109,-0.027532,0.000484,-0.022521
0.054264,-0.088198,0.526933,-0.025477,-0.000563,-0.019868
0.050950,-0.086755,0.528510,-0.023074,-0.001324,-0.016608
0.051907,-0.084643,0.529657,-0.020356,-0.001763,-0.013750
0.055957,-0.081966,0.531059,-0.017693,-0.002236,-0.012047
0.061156,-0.077286,0.532827,-0.015949,-0.002973,-0.011579
0.065242,-0.070718,0.535046,-0.015598,-0.003869,-0.011991
0.066699,-0.065061,0.537437,-0.016081,-0.004855,-0.013028
0.066395,-0.062596,0.539209,-0.016356,-0.006326,-0.014559
0.066456,-0.062887,0.539411,-0.015955,-0.008566,-0.016310
0.067656,-0.064096,0.537629,-0.015230,-0.011142,-0.017839
0.069098,-0.065050,0.534917,-0.014509,-0.013036,-0.018838
0.069631,-0.065465,0.533070,-0.013741,-0.013146,-0.019283
0.069277,-0.065600,0.532310,-0.012874,-0.011155,-0.019219
0.069326,-0.065943,0.531275,-0.012048,-0.007632,-0.018684
0.070583,-0.066740,0.529369,-0.011590,-0.003488,-0.017897
0.072415,-0.067962,0.527252,-0.011701,0.000131,-0.017252
0.073612,-0.069218,0.525453,-0.012265,0.002185,-0.017123
0.073498,-0.070109,0.524028,-0.013042,0.002163,-0.017629
0.072569,-0.070608,0.523250,-0.013873,0.000165,-0.018550
0.071909,-0.071002,0.523632,-0.014663,-0.003150,-0.019575
0.072086,-0.071579,0.524990,-0.015242,-0.006837,-0.020573
0.072915,-0.072033,0.525961,-0.015580,-0.009915,-0.021459
0.073897,-0.071734,0.525124,-0.016004,-0.011455,-0.022002
0.074688,-0.070664,0.522500,-0.016886,-0.010764,-0.022041
0.075140,-0.069470,0.519419,-0.018451,-0.008122,-0.021635
0.075052,-0.068751,0.517407,-0.020691,-0.005024,-0.021028
0.074167,-0.068724,0.517379,-0.023050,-0.003100,-0.020641
0.072007,-0.069969,0.519192,-0.024436,-0.003140,-0.020764
0.068411,-0.073279,0.521846,-0.023752,-0.004911,-0.021215
0.064875,-0.077665,0.524013,-0.020732,-0.007246,-0.021528
0.063048,-0.080344,0.524627,-0.016527,-0.008813,-0.021219
0.062728,-0.079417,0.523460,-0.013143,-0.009084,-0.019966
0.063255,-0.075051,0.521439,-0.011963,-0.008483,-0.017893
0.064443,-0.068634,0.520246,-0.012878,-0.007922,-0.015625
0.066128,-0.062408,0.520604,-0.014752,-0.008150,-0.014029
0.068203,-0.058801,0.521462,-0.016471,-0.009310,-0.013710
0.070427,-0.058819,0.521961,-0.017503,-0.011123,-0.014596
0.072458,-0.061768,0.522622,-0.017739,-0.013204,-0.016152
0.074153,-0.066186,0.523893,-0.017322,-0.015000,-0.017859
0.075335,-0.070634,0.525487,-0.016616,-0.015969,-0.019305
0.075926,-0.074072,0.527293,-0.015969,-0.016140,-0.020061
0.076389,-0.076059,0.529466,-0.015413,-0.015963,-0.019903
0.076897,-0.076805,0.531729,-0.014763,-0.015685,-0.018969
0.077478,-0.076805,0.533232,-0.013960,-0.015257,-0.017541
0.079400,-0.076605,0.533251,-0.012955,-0.014412,-0.015975
0.083596,-0.076563,0.531955,-0.011573,-0.012728,-0.014774
0.088777,-0.076669,0.530306,-0.009925,-0.010283,-0.014379
0.092298,-0.076679,0.529667,-0.008535,-0.008202,-0.014762
0.092294,-0.076306,0.530461,-0.007740,-0.007318,-0.015629
0.089810,-0.075796,0.530794,-0.007333,-0.006863,-0.017039
0.087093,-0.075527,0.528637,-0.007122,-0.006010,-0.019031
0.084540,-0.075003,0.524467,-0.007329,-0.005051,-0.021127
0.081504,-0.073213,0.520337,-0.008252,-0.004478,-0.022812
0.077976,-0.069643,0.517694,-0.010067,-0.004541,-0.023931
0.074990,-0.065025,0.516068,-0.012827,-0.005263,-0.024647
0.073842,-0.060877,0.514217,-0.016399,-0.006411,-0.025318
0.074728,-0.058248,0.512567,-0.020346,-0.007789,-0.026369
0.076768,-0.057386,0.512548,-0.023736,-0.009264,-0.028001
0.078862,-0.058042,0.514034,-0.025397,-0.010409,-0.029830
0.080255,-0.059636,0.515570,-0.024879,-0.010499,-0.031077
0.080782,-0.061536,0.516444,-0.022909,-0.009155,-0.031174
0.080522,-0.063543,0.517306,-0.020596,-0.006926,-0.030245
0.079817,-0.065719,0.518874,-0.018612,-0.004858,-0.029083
0.079619,-0.067821,0.520590,-0.017161,-0.003439,-0.028450
0.080257,-0.069381,0.521538,-0.016425,-0.002613,-0.028296
0.080850,-0.069973,0.521993,-0.016748,-0.002394,-0.027900
0.080847,-0.069268,0.523211,-0.018096,-0.002937,-0.026590
0.080510,-0.067499,0.526136,-0.019675,-0.004362,-0.024148
0.080476,-0.065768,0.529935,-0.020461,-0.006034,-0.021090
0.080976,-0.064795,0.532550,-0.020077,-0.006650,-0.018330
0.081253,-0.064597,0.533014,-0.018923,-0.005669,-0.016235
0.081173,-0.065638,0.531824,-0.017383,-0.003485,-0.014697
0.081708,-0.068022,0.529655,-0.015338,-0.000730,-0.013783
0.082909,-0.070707,0.526927,-0.012709,0.001649,-0.013580
0.083585,-0.072912,0.524300,-0.009956,0.002553,-0.013827
0.082867,-0.074928,0.522952,-0.007525,0.001426,-0.014138
0.080712,-0.077205,0.523764,-0.005239,-0.001412,-0.014260
0.077623,-0.079413,0.526271,-0.002654,-0.005048,-0.013986
0.074624,-0.080761,0.529129,0.000433,-0.008456,-0.013121
0.073104,-0.081012,0.531076,0.003981,-0.010880,-0.011623
0.074090,-0.080446,0.531087,0.007575,-0.012039,-0.009735
0.077301,-0.078836,0.528905,0.010210,-0.011987,-0.007977
0.081399,-0.075375,0.525282,0.010738,-0.010968,-0.006882
0.085576,-0.070153,0.521045,0.008764,-0.009337,-0.006750
0.089924,-0.064946,0.516767,0.004893,-0.007456,-0.007581
0.094019,-0.061675,0.513356,0.000072,-0.005813,-0.009094
0.096604,-0.060906,0.511962,-0.004860,-0.004923,-0.010857
0.096647,-0.062205,0.513250,-0.009105,-0.004959,-0.012396
0.093999,-0.064877,0.516818,-0.011907,-0.005728,-0.013196
0.089589,-0.067775,0.521233,-0.012870,-0.006881,-0.012761
0.085258,-0.069505,0.524804,-0.012277,-0.007940,-0.010918
0.082774,-0.069584,0.526425,-0.010830,-0.008290,-0.008096
0.082432,-0.068531,0.525884,-0.009224,-0.007507,-0.005036
0.082813,-0.067091,0.523844,-0.007988,-0.005797,-0.002219
0.082291,-0.066049,0.521413,-0.007397,-0.003858,0.000225
0.080438,-0.065863,0.519263,-0.007548,-0.002342,0.002134
0.077637,-0.066142,0.517708,-0.008408,-0.001907,0.003213
0.074608,-0.066156,0.517277,-0.009612,-0.003290,0.003345
0.072782,-0.065833,0.518073,-0.010431,-0.006770,0.002724
0.073632,-0.065627,0.519267,-0.010258,-0.011829,0.001680
0.077134,-0.065475,0.519922,-0.009206,-0.017255,0.000650
-,-,-,-,-,-
0.001624,-0.001133,0.009372,-0.000213,-0.000263,0.000106
