-,-,-,-,-,-
-0.000471,-0.001491,0.009500,-0.000487,0.000119,-0.000210
-0.002695,-0.008510,0.054635,-0.002786,0.000620,-0.001222
-0.007452,-0.023358,0.151024,-0.007689,0.001501,-0.003386
-0.013877,-0.042998,0.279066,-0.014238,0.002331,-0.006208
-0.020244,-0.062151,0.402907,-0.020656,0.002635,-0.008797
-0.025141,-0.076885,0.496155,-0.025645,0.002301,-0.010607
-0.028297,-0.085444,0.548824,-0.028842,0.001862,-0.011574
-0.030499,-0.088388,0.565134,-0.030720,0.002273,-0.011773
-0.032428,-0.088138,0.557733,-0.032070,0.004223,-0.011215
-0.033998,-0.087404,0.540914,-0.033285,0.007589,-0.010116
-0.034815,-0.087755,0.525456,-0.034063,0.011267,-0.009051
-0.034806,-0.089516,0.516573,-0.033819,0.013725,-0.008502
-0.034284,-0.092108,0.514643,-0.032288,0.013909,-0.008423
-0.033657,-0.094286,0.517378,-0.029724,0.011667,-0.008385
-0.033148,-0.094941,0.521832,-0.026685,0.007519,-0.008062
-0.032826,-0.093724,0.525301,-0.023766,0.002474,-0.007551
-0.032614,-0.090589,0.525880,-0.021655,-0.001967,-0.007154
-0.032141,-0.085967,0.523517,-0.021152,-0.004284,-0.006907
-0.030952,-0.081347,0.520186,-0.022600,-0.003821,-0.006678
-0.029010,-0.078297,0.518314,-0.025350,-0.001130,-0.006566
-0.026830,-0.077363,0.519003,-0.028083,0.002422,-0.006829
-0.024941,-0.078059,0.521617,-0.029642,0.005365,-0.007581
-0.023439,-0.079322,0.524761,-0.029643,0.006786,-0.008652
-0.022177,-0.080311,0.527512,-0.028444,0.006525,-0.009699
-0.021065,-0.080858,0.529630,-0.026701,0.004982,-0.010476
-0.020333,-0.081096,0.530670,-0.025033,0.003052,-0.011037
-0.020585,-0.080954,0.529768,-0.024048,0.001970,-0.011510
-0.022125,-0.080332,0.526934,-0.024395,0.002782,-0.011704
-0.024460,-0.079750,0.523650,-0.026280,0.005648,-0.011382
-0.026814,-0.080184,0.521420,-0.028972,0.009670,-0.010800
-0.028871,-0.082157,0.520524,-0.031177,0.013436,-0.010519
-0.030796,-0.085211,0.520510,-0.031962,0.015732,-0.010798
-0.032612,-0.088266,0.520887,-0.031284,0.016006,-0.011374
-0.033965,-0.090560,0.521191,-0.029736,0.014455,-0.011725
-0.034576,-0.091888,0.520979,-0.028082,0.011767,-0.011398
-0.034470,-0.092335,0.520093,-0.026992,0.008716,-0.010203
-0.033992,-0.092270,0.518772,-0.026739,0.005766,-0.008550
-0.033771,-0.092009,0.517149,-0.027113,0.003149,-0.007391
-0.033942,-0.091472,0.515365,-0.027841,0.001265,-0.007333
-0.033799,-0.090654,0.514290,-0.028771,0.000530,-0.008243
-0.032633,-0.090012,0.514938,-0.029534,0.000938,-0.009756
-0.030445,-0.089920,0.517391,-0.029555,0.002114,-0.011410
-0.027951,-0.090156,0.520728,-0.028582,0.003589,-0.012512
-0.025979,-0.090211,0.523515,-0.026909,0.004955,-0.012471
-0.024863,-0.089623,0.524603,-0.025155,0.005969,-0.011282
-0.024333,-0.087874,0.523760,-0.024049,0.006531,-0.009635
-0.023914,-0.084682,0.521720,-0.024103,0.006562,-0.008488
-0.023650,-0.080791,0.519864,-0.025215,0.006028,-0.008438
-0.024173,-0.078139,0.519363,-0.026719,0.005126,-0.009394
-0.025745,-0.078361,0.520349,-0.027874,0.004201,-0.010728
-0.027822,-0.081227,0.522046,-0.028219,0.003450,-0.011709
-0.029744,-0.085261,0.523419,-0.027722,0.002981,-0.011830
-0.031378,-0.089049,0.523694,-0.026732,0.003026,-0.010912
-0.033076,-0.091657,0.522718,-0.025758,0.003805,-0.009197
-0.035016,-0.092830,0.521001,-0.025194,0.005262,-0.007229
-0.036749,-0.093047,0.519459,-0.025097,0.007037,-0.005498
-0.037663,-0.093192,0.519089,-0.025107,0.008584,-0.004303
-0.037650,-0.093928,0.520228,-0.024648,0.009275,-0.003796
-0.037096,-0.095019,0.522042,-0.023375,0.008717,-0.003879
-0.036415,-0.095390,0.523318,-0.021508,0.007109,-0.004184
-0.035668,-0.094123,0.523501,-0.019746,0.005163,-0.004315
-0.034589,-0.091148,0.522702,-0.018823,0.003688,-0.004064
-0.033162,-0.087294,0.521161,-0.019035,0.003141,-0.003593
-0.031892,-0.083747,0.519270,-0.020127,0.003415,-0.003443
-0.031113,-0.081274,0.517709,-0.021617,0.004082,-0.004118
-0.030728,-0.079978,0.517524,-0.022830,0.005024,-0.005728
-0.030442,-0.079341,0.519667,-0.023014,0.006467,-0.007979
-0.029946,-0.079016,0.523324,-0.022232,0.007845,-0.010337
-0.029464,-0.079353,0.526248,-0.021315,0.007862,-0.012261
-0.029379,-0.080494,0.527209,-0.020823,0.006139,-0.013345
-0.029481,-0.082144,0.526702,-0.020858,0.003524,-0.013435
-0.029493,-0.084270,0.525887,-0.021263,0.001148,-0.012710
-0.029660,-0.086854,0.525200,-0.021603,-0.000263,-0.011599
-0.030399,-0.089244,0.524206,-0.021497,-0.000622,-0.010620
-0.031572,-0.090604,0.522914,-0.021053,-0.000151,-0.010078
-0.032460,-0.090807,0.522265,-0.020566,0.000928,-0.009966
-0.032555,-0.090397,0.523046,-0.019954,0.002207,-0.010162
-0.032150,-0.089983,0.524779,-0.018938,0.003176,-0.010509
-0.031849,-0.089838,0.526267,-0.017503,0.003651,-0.010753
-0.031626,-0.089853,0.526964,-0.015923,0.003777,-0.010636
-0.031068,-0.089756,0.527080,-0.014486,0.003706,-0.010098
-0.030168,-0.089406,0.526790,-0.013286,0.003460,-0.009379
-0.029327,-0.088835,0.526041,-0.012260,0.002963,-0.008867
-0.029031,-0.088044,0.524716,-0.011391,0.002098,-0.008832
-0.029484,-0.086977,0.522652,-0.010788,0.000884,-0.009274
-0.030453,-0.085776,0.520053,-0.010552,-0.000439,-0.009981
-0.031617,-0.084784,0.517697,-0.010656,-0.001611,-0.010679
-0.032883,-0.084233,0.516029,-0.010990,-0.002629,-0.011130
-0.034261,-0.084093,0.514761,-0.011479,-0.003714,-0.011089
-0.035566,-0.084217,0.513776,-0.012104,-0.005016,-0.010377
-0.036420,-0.084531,0.513527,-0.012745,-0.006521,-0.009099
-0.036672,-0.085044,0.514271,-0.013149,-0.008202,-0.007683
-0.036643,-0.085656,0.515496,-0.013108,-0.010029,-0.006637
-0.036603,-0.086154,0.516414,-0.012639,-0.011877,-0.006193
-0.036387,-0.086468,0.516876,-0.011928,-0.013583,-0.006258
-0.035870,-0.086706,0.517282,-0.011116,-0.015043,-0.006648
-0.035176,-0.086911,0.517789,-0.010254,-0.016182,-0.007148
-0.034308,-0.086969,0.518341,-0.009496,-0.017019,-0.007469
-0.033170,-0.086833,0.519092,-0.009128,-0.017685,-0.007312
-0.031802,-0.086515,0.520252,-0.009353,-0.018304,-0.006462
-0.030364,-0.085850,0.521543,-0.010134,-0.019001,-0.004974
-0.029085,-0.085489,0.522252,-0.010800,-0.020023,-0.003493
-0.028319,-0.087343,0.522310,-0.010405,-0.021409,-0.002880
-0.028361,-0.091624,0.522566,-0.009317,-0.022566,-0.003257
-0.028848,-0.095511,0.523388,-0.008905,-0.022606,-0.004185
-0.028881,-0.096431,0.524226,-0.009772,-0.020843,-0.005213
-0.028293,-0.094319,0.524567,-0.011571,-0.017200,-0.005907
-0.027824,-0.090506,0.524257,-0.013551,-0.012589,-0.006106
-0.027922,-0.086164,0.523268,-0.015132,-0.008271,-0.005990
-0.028400,-0.082111,0.521666,-0.016307,-0.004858,-0.005735
-0.029008,-0.079101,0.519785,-0.017344,-0.002416,-0.005367
-0.029686,-0.077703,0.518315,-0.018325,-0.000975,-0.004923
-0.030370,-0.077944,0.517902,-0.019058,-0.000522,-0.004547
-0.030656,-0.079019,0.518601,-0.019363,-0.000853,-0.004428
-0.030055,-0.079797,0.519837,-0.019388,-0.001640,-0.004663
-0.028650,-0.079850,0.521051,-0.019518,-0.002529,-0.005133
-0.027004,-0.079677,0.522052,-0.019940,-0.003159,-0.005601
-0.025625,-0.079939,0.522728,-0.020493,-0.003122,-0.005876
-0.024827,-0.080678,0.523022,-0.020994,-0.002022,-0.005818
-0.024670,-0.081432,0.523117,-0.021560,0.000259,-0.005324
-0.024900,-0.081960,0.523313,-0.022390,0.003311,-0.004421
-0.025413,-0.082621,0.523888,-0.023380,0.006318,-0.003248
-0.026520,-0.084025,0.524722,-0.024115,0.008497,-0.002067
-0.028049,-0.085943,0.525065,-0.024094,0.009360,-0.001435
-0.028953,-0.087042,0.524352,-0.023274,0.009007,-0.001739
-0.028560,-0.086460,0.522959,-0.022216,0.008171,-0.002682
-0.027291,-0.084579,0.521729,-0.021459,0.007534,-0.003734
-0.026057,-0.082238,0.521092,-0.021148,0.007251,-0.004622
-,-,-,-,-,-
-0.000552,-0.001505,0.009376,-0.000419,0.000160,-0.000067
-0.003290,-0.008653,0.053934,-0.002416,0.000959,-0.000396
-0.009487,-0.023874,0.149023,-0.006682,0.002729,-0.001180
-0.018218,-0.043911,0.275102,-0.012328,0.005027,-0.002481
-0.026907,-0.063010,0.396702,-0.017779,0.006926,-0.004128
-0.033346,-0.077360,0.488363,-0.021870,0.007731,-0.005710
-0.036857,-0.086087,0.541622,-0.023972,0.007144,-0.006979
-0.038001,-0.090118,0.561318,-0.024032,0.005328,-0.007940
-0.037812,-0.090698,0.558455,-0.022679,0.002972,-0.008480
-0.037047,-0.088849,0.544668,-0.021004,0.000934,-0.008403
-0.035982,-0.085694,0.529175,-0.020027,-0.000170,-0.007784
-0.034781,-0.082582,0.517507,-0.020184,-0.000128,-0.006970
-0.033559,-0.080604,0.511712,-0.021263,0.000889,-0.006297
-0.032346,-0.080169,0.511260,-0.022738,0.002468,-0.005956
-0.031134,-0.080930,0.514155,-0.024216,0.004166,-0.005997
-0.029947,-0.082006,0.518046,-0.025656,0.005756,-0.006259
-0.029006,-0.082521,0.521186,-0.027224,0.007193,-0.006420
-0.028407,-0.082132,0.523026,-0.029106,0.008304,-0.006276
-0.027840,-0.081299,0.523902,-0.031304,0.008911,-0.005907
-0.027289,-0.080971,0.524363,-0.033287,0.009214,-0.005578
-0.027253,-0.081653,0.524864,-0.034210,0.009387,-0.005599
-0.027984,-0.083062,0.525392,-0.033632,0.009204,-0.006114
-0.029373,-0.084637,0.525449,-0.031754,0.008480,-0.006934
-0.031157,-0.085881,0.524787,-0.029177,0.007283,-0.007757
-0.032990,-0.086627,0.523629,-0.026520,0.005694,-0.008491
-0.034666,-0.087202,0.522252,-0.024079,0.003746,-0.009239
-0.036011,-0.087731,0.520892,-0.021891,0.001588,-0.010058
-0.036788,-0.087770,0.519662,-0.020033,-0.000461,-0.010931
-0.037020,-0.087097,0.518378,-0.018597,-0.001987,-0.011953
-0.037038,-0.086473,0.516775,-0.017379,-0.002602,-0.013464
-0.037243,-0.087118,0.514894,-0.016013,-0.002061,-0.015690
-0.037650,-0.088835,0.513415,-0.014627,-0.000495,-0.018102
-0.037573,-0.090045,0.513271,-0.013691,0.001356,-0.019746
-0.036353,-0.089985,0.514760,-0.013255,0.002578,-0.020286
-0.034079,-0.088993,0.517434,-0.013038,0.002938,-0.020044
-0.031315,-0.087440,0.520504,-0.012969,0.002937,-0.019319
-0.027711,-0.084361,0.523483,-0.013399,0.003350,-0.018116
-0.022223,-0.078461,0.526427,-0.014674,0.004730,-0.016437
-0.016552,-0.072424,0.529219,-0.016351,0.006702,-0.014695
-0.014409,-0.070560,0.531511,-0.017488,0.008212,-0.013501
-0.016727,-0.073014,0.533068,-0.017730,0.008582,-0.012938
-0.021457,-0.077168,0.533617,-0.017384,0.007673,-0.012516
-0.026208,-0.080732,0.532940,-0.016871,0.005670,-0.011781
-0.029595,-0.083178,0.530874,-0.016259,0.003119,-0.010862
-0.031708,-0.085889,0.527535,-0.015352,0.000816,-0.010247
-0.033401,-0.089021,0.523920,-0.014693,-0.000485,-0.009849
-0.034864,-0.090528,0.521299,-0.015189,-0.000458,-0.009216
-0.035771,-0.089274,0.519978,-0.016768,0.000747,-0.008513
-0.036312,-0.086056,0.519598,-0.018695,0.002668,-0.008203
-0.036959,-0.082292,0.520057,-0.020402,0.004567,-0.008334
-0.037910,-0.079239,0.521484,-0.021645,0.005714,-0.008609
-0.039012,-0.077533,0.523818,-0.022421,0.005783,-0.008706
-0.039695,-0.077066,0.526653,-0.022913,0.004957,-0.008482
-0.039883,-0.078004,0.529642,-0.022741,0.003798,-0.008300
-0.040607,-0.080996,0.532588,-0.021061,0.003319,-0.008607
-0.042389,-0.084981,0.534996,-0.018919,0.004727,-0.008723
-0.044365,-0.087514,0.536564,-0.018869,0.007983,-0.007614
-0.045646,-0.087778,0.537350,-0.021822,0.011604,-0.005424
-0.046389,-0.086847,0.537175,-0.026639,0.014376,-0.003010
-0.047571,-0.085866,0.536122,-0.031427,0.015771,-0.001178
-0.049979,-0.085135,0.534991,-0.034690,0.015618,-0.000335
-0.053180,-0.084822,0.534464,-0.036161,0.014554,-0.000006
-0.055942,-0.085176,0.534739,-0.036480,0.013369,0.000957
-0.057587,-0.085499,0.535960,-0.036481,0.011968,0.003364
-0.058231,-0.085405,0.537740,-0.036516,0.010202,0.006759
-0.058103,-0.085826,0.539016,-0.036229,0.008773,0.009906
-0.057202,-0.086740,0.539270,-0.035593,0.008792,0.012160
-0.055505,-0.086839,0.539047,-0.035286,0.010945,0.013594
-0.053263,-0.085653,0.538849,-0.035714,0.014750,0.014300
-0.051028,-0.083876,0.538182,-0.036735,0.018852,0.014208
-0.048984,-0.081661,0.536263,-0.038282,0.022242,0.013291
-0.046591,-0.078044,0.533242,-0.040319,0.024584,0.011656
-0.044037,-0.073492,0.530055,-0.042094,0.025655,0.009308
-0.042336,-0.070575,0.527241,-0.042506,0.025371,0.006211
-0.041640,-0.070904,0.524474,-0.041141,0.024157,0.002719
-0.041692,-0.074042,0.521256,-0.038332,0.022514,-0.000526
-0.042563,-0.078392,0.517701,-0.034766,0.020371,-0.003116
-0.043734,-0.081983,0.514446,-0.031083,0.017477,-0.005097
-0.044100,-0.083997,0.511975,-0.027548,0.013869,-0.006723
-0.043138,-0.084929,0.510386,-0.024272,0.009768,-0.008147
-0.041321,-0.085102,0.509648,-0.021169,0.005397,-0.009452
-0.039746,-0.084727,0.509493,-0.017315,0.000073,-0.010960
-0.039361,-0.084416,0.509194,-0.011604,-0.008239,-0.012901
-0.040030,-0.084419,0.508055,-0.004956,-0.020961,-0.014735
-0.040681,-0.084688,0.506175,-0.000343,-0.036922,-0.015347
-0.040433,-0.085503,0.504633,0.000306,-0.053318,-0.013814
-0.038849,-0.086834,0.504730,-0.002455,-0.067465,-0.009917
-0.035549,-0.088335,0.506916,-0.006688,-0.077162,-0.004529
-0.031729,-0.090581,0.510944,-0.010069,-0.081295,0.000350
-0.029994,-0.093933,0.516299,-0.011662,-0.080059,0.003177
-0.030280,-0.096786,0.521599,-0.012631,-0.074341,0.004262
-0.029993,-0.097695,0.525244,-0.013958,-0.065701,0.004705
-0.028141,-0.096990,0.527110,-0.014966,-0.056199,0.004571
-0.026361,-0.095526,0.527863,-0.014545,-0.047458,0.002987
-0.026851,-0.094280,0.527285,-0.013183,-0.039599,0.000303
-0.029583,-0.093511,0.524847,-0.012848,-0.031973,-0.001508
-0.032351,-0.092165,0.520763,-0.014933,-0.024897,-0.001119
-0.033739,-0.089527,0.516333,-0.019308,-0.019498,0.000918
-0.034389,-0.086318,0.513687,-0.024641,-0.016434,0.003040
-0.035162,-0.084155,0.514305,-0.029013,-0.015470,0.003996
-0.034449,-0.083272,0.518380,-0.031195,-0.016068,0.003409
-0.029504,-0.081300,0.525078,-0.031482,-0.017418,0.001660
-0.021445,-0.077076,0.532344,-0.030556,-0.018251,-0.000687
-0.014542,-0.073002,0.537625,-0.028621,-0.017702,-0.003238
-0.011280,-0.071736,0.539512,-0.026202,-0.015640,-0.005466
-0.011722,-0.073596,0.538516,-0.024180,-0.012452,-0.006958
-0.014871,-0.077120,0.536039,-0.023033,-0.009082,-0.007890
-0.019242,-0.080604,0.533195,-0.022727,-0.006284,-0.008590
-0.023457,-0.083228,0.530767,-0.022817,-0.004010,-0.009181
-0.025840,-0.084456,0.528898,-0.022568,-0.001835,-0.009858
-0.024745,-0.083466,0.526904,-0.021494,0.000620,-0.010925
-0.021050,-0.080693,0.524466,-0.019757,0.003822,-0.012386
-0.017697,-0.077897,0.521982,-0.018119,0.008186,-0.013671
-0.016744,-0.077466,0.518642,-0.017424,0.013471,-0.013780
-0.019821,-0.082520,0.512444,-0.017992,0.018623,-0.011866
-0.027861,-0.092496,0.504200,-0.020295,0.022275,-0.007950
-0.037903,-0.100879,0.498172,-0.025336,0.023402,-0.002975
-0.044746,-0.102330,0.498034,-0.032924,0.021938,0.001873
-0.045532,-0.098010,0.504248,-0.040426,0.018720,0.005333
-0.040861,-0.092308,0.513829,-0.044459,0.014712,0.006111
-0.034132,-0.088289,0.522390,-0.043495,0.010725,0.003895
-0.029462,-0.086693,0.527030,-0.038323,0.007183,-0.000372
-0.028842,-0.086447,0.527387,-0.031281,0.003840,-0.005269
-0.031572,-0.085978,0.524765,-0.024760,0.000529,-0.009382
-0.036001,-0.085205,0.520554,-0.019668,-0.002304,-0.011689
-0.040575,-0.085299,0.515682,-0.016504,-0.004023,-0.011653
-0.043672,-0.086129,0.511384,-0.016138,-0.004528,-0.009344
-0.044157,-0.086031,0.509287,-0.018449,-0.004543,-0.005948
-,-,-,-,-,-
-0.000212,-0.000652,0.009942,-0.000327,-0.000213,-0.000232
-0.001142,-0.004795,0.056867,-0.001956,-0.001313,-0.001146
-0.003257,-0.016289,0.156494,-0.005463,-0.003833,-0.002623
-0.006613,-0.035403,0.288080,-0.009734,-0.007199,-0.003917
-0.010852,-0.057692,0.414256,-0.012780,-0.010180,-0.004584
-0.015892,-0.077569,0.507949,-0.013628,-0.012157,-0.004631
-0.021635,-0.091277,0.559912,-0.012959,-0.013324,-0.004185
-0.026928,-0.097967,0.575140,-0.012260,-0.014094,-0.003648
-0.030311,-0.099281,0.565942,-0.012626,-0.014405,-0.003502
-0.031400,-0.098026,0.545986,-0.013912,-0.013613,-0.003645
-0.031341,-0.096805,0.526010,-0.015295,-0.011614,-0.003419
-0.031679,-0.096868,0.512047,-0.016691,-0.009466,-0.002110
-0.031937,-0.097536,0.505923,-0.018633,-0.008254,0.000735
-0.030123,-0.097237,0.506427,-0.021267,-0.008516,0.004840
-0.025878,-0.095782,0.510982,-0.023853,-0.010897,0.008990
-0.020531,-0.094253,0.517328,-0.024799,-0.015615,0.011438
-0.015076,-0.093391,0.523597,-0.022692,-0.021768,0.010780
-0.010020,-0.093139,0.528192,-0.017446,-0.028378,0.006727
-0.005943,-0.092112,0.530411,-0.010531,-0.034988,0.000020
-0.003044,-0.088793,0.530377,-0.004040,-0.040805,-0.008143
-0.001187,-0.083750,0.528804,0.000663,-0.044937,-0.016483
-0.000565,-0.078925,0.526246,0.003090,-0.047265,-0.023711
-0.001462,-0.075724,0.522341,0.003075,-0.047829,-0.028580
-0.004135,-0.074779,0.517179,0.000686,-0.046652,-0.030276
-0.008794,-0.076647,0.511879,-0.003678,-0.044320,-0.028503
-0.014904,-0.081662,0.507536,-0.009194,-0.041585,-0.023390
-0.020964,-0.088587,0.505634,-0.014959,-0.038841,-0.015935
-0.025061,-0.094473,0.507506,-0.020515,-0.036130,-0.008121
-0.025778,-0.096214,0.512157,-0.025548,-0.033148,-0.001555
-0.022961,-0.092774,0.517158,-0.029276,-0.029459,0.003393
-0.017683,-0.086833,0.521374,-0.030782,-0.024989,0.006420
-0.011691,-0.082225,0.524702,-0.029888,-0.020094,0.007041
-0.006995,-0.080225,0.526677,-0.027231,-0.015455,0.005602
-0.004687,-0.078977,0.526856,-0.023848,-0.012046,0.003165
-0.003831,-0.075837,0.525347,-0.020748,-0.010471,0.000812
-0.003537,-0.071838,0.522818,-0.018380,-0.010594,-0.001045
-0.005144,-0.070251,0.520449,-0.016436,-0.012767,-0.002866
-0.010177,-0.071243,0.519430,-0.014325,-0.017980,-0.005016
-0.017254,-0.073436,0.520112,-0.011947,-0.025640,-0.007108
-0.022744,-0.077112,0.521867,-0.009180,-0.033581,-0.008770
-0.024303,-0.082840,0.524080,-0.005335,-0.040306,-0.010027
-0.022397,-0.088973,0.526622,-0.000694,-0.045048,-0.010635
-0.018852,-0.092101,0.529560,0.002955,-0.047614,-0.010297
-0.014762,-0.090010,0.532794,0.004242,-0.048877,-0.009268
-0.009801,-0.083545,0.535626,0.003456,-0.050162,-0.008265
-0.004290,-0.076363,0.537371,0.001819,-0.052598,-0.008233
-0.000192,-0.071931,0.538211,0.000241,-0.056857,-0.009669
0.001302,-0.070397,0.538728,-0.000903,-0.062787,-0.012387
0.000018,-0.069899,0.539212,-0.001564,-0.069619,-0.015875
-0.004553,-0.069706,0.539286,-0.002267,-0.076871,-0.018684
-0.010996,-0.070555,0.538160,-0.003804,-0.084245,-0.018791
-0.015434,-0.072959,0.536302,-0.006223,-0.090779,-0.015563
-0.015503,-0.076276,0.535702,-0.008681,-0.095220,-0.010050
-0.012166,-0.079444,0.537466,-0.010147,-0.097364,-0.003632
-0.007264,-0.082013,0.540759,-0.009746,-0.098316,0.002105
-0.001364,-0.083666,0.544346,-0.007305,-0.098519,0.004750
0.004866,-0.084035,0.547305,-0.003704,-0.096704,0.002695
0.010032,-0.083448,0.548425,0.000058,-0.091705,-0.002766
0.013644,-0.082212,0.547159,0.003568,-0.084110,-0.008833
0.016008,-0.079578,0.544278,0.006382,-0.076033,-0.013573
0.017317,-0.074948,0.540492,0.007614,-0.069886,-0.016151
0.017860,-0.069097,0.536008,0.006485,-0.067114,-0.016448
0.018430,-0.062997,0.531026,0.002490,-0.067430,-0.014729
0.019909,-0.057393,0.525810,-0.004711,-0.068756,-0.011019
0.022147,-0.053758,0.521221,-0.014473,-0.068408,-0.005316
0.023816,-0.053515,0.518652,-0.024662,-0.065434,0.001593
0.024065,-0.056476,0.518284,-0.032693,-0.061252,0.008174
0.023479,-0.060819,0.518584,-0.036771,-0.057406,0.012881
0.023119,-0.064246,0.518221,-0.036382,-0.053871,0.014836
0.023595,-0.065213,0.517296,-0.032667,-0.049981,0.014193
0.024632,-0.064205,0.516663,-0.027863,-0.045625,0.011941
0.025476,-0.063131,0.517005,-0.023560,-0.040777,0.009250
0.025960,-0.062768,0.518469,-0.020194,-0.035073,0.006775
0.026795,-0.062814,0.520252,-0.017905,-0.028287,0.004494
0.028947,-0.062884,0.520622,-0.017217,-0.020551,0.002185
0.032272,-0.062003,0.518514,-0.018888,-0.012780,-0.000302
0.034749,-0.060045,0.514928,-0.022434,-0.007098,-0.003190
0.033942,-0.059001,0.511729,-0.025918,-0.005365,-0.006322
0.029245,-0.061121,0.509735,-0.027804,-0.007305,-0.008548
0.022516,-0.066817,0.508677,-0.027879,-0.011180,-0.008500
0.016409,-0.074958,0.507950,-0.026276,-0.015301,-0.006105
0.012411,-0.083828,0.507136,-0.022824,-0.018371,-0.002589
0.010473,-0.090433,0.506787,-0.018739,-0.019452,0.001240
0.009497,-0.092574,0.508080,-0.016691,-0.018174,0.005323
0.008212,-0.092029,0.510905,-0.017193,-0.015421,0.009084
0.006075,-0.091054,0.513721,-0.017957,-0.013065,0.011765
0.003427,-0.089051,0.515549,-0.017202,-0.012568,0.013273
0.001219,-0.085867,0.516462,-0.015014,-0.014744,0.013208
0.000135,-0.084010,0.516199,-0.012018,-0.020172,0.010209
-0.000062,-0.085325,0.514544,-0.008446,-0.028740,0.003653
0.001286,-0.087676,0.513088,-0.004665,-0.038577,-0.005014
0.006498,-0.087952,0.513944,-0.001506,-0.046256,-0.013567
0.015494,-0.087093,0.517251,0.000836,-0.049271,-0.020778
0.024032,-0.088237,0.521301,0.003231,-0.047628,-0.026337
0.028529,-0.091257,0.524430,0.005558,-0.042877,-0.029577
0.029494,-0.092826,0.526023,0.006089,-0.036997,-0.029722
0.029682,-0.090330,0.525709,0.003883,-0.031501,-0.026829
0.031035,-0.084076,0.523191,-0.000249,-0.026824,-0.021648
0.032919,-0.077280,0.519184,-0.004833,-0.023290,-0.015662
0.034016,-0.073173,0.515283,-0.008967,-0.021228,-0.010235
0.035183,-0.072713,0.512595,-0.012523,-0.020122,-0.005462
0.037503,-0.075325,0.511828,-0.015261,-0.019702,-0.001393
0.040133,-0.079117,0.514059,-0.016572,-0.020675,0.001059
0.041967,-0.081951,0.519538,-0.016244,-0.023133,0.001773
0.043170,-0.083054,0.526331,-0.014440,-0.025840,0.001934
0.043777,-0.081668,0.531593,-0.011481,-0.027653,0.002205
0.042702,-0.076619,0.534445,-0.008735,-0.028267,0.002399
0.040094,-0.068966,0.535921,-0.007960,-0.027595,0.002378
0.038229,-0.061954,0.537111,-0.009744,-0.025131,0.001857
0.038962,-0.057101,0.538952,-0.013668,-0.020484,0.000811
0.042291,-0.053785,0.541483,-0.018847,-0.014145,-0.000077
0.046810,-0.051698,0.543472,-0.024355,-0.006878,-0.000479
0.050864,-0.050191,0.543878,-0.029703,0.000527,-0.000395
0.053604,-0.049387,0.541761,-0.034412,0.006621,0.000524
0.054099,-0.051682,0.536383,-0.037883,0.009787,0.002155
0.051378,-0.057561,0.529047,-0.039961,0.009455,0.003352
0.045859,-0.064319,0.522168,-0.040562,0.006182,0.002932
0.038484,-0.069956,0.516743,-0.039563,0.000915,0.001000
0.029903,-0.074175,0.512584,-0.037343,-0.005512,-0.001170
0.021387,-0.076952,0.510286,-0.034645,-0.012694,-0.002380
0.015957,-0.077444,0.511265,-0.031948,-0.020399,-0.002224
0.018421,-0.073640,0.515356,-0.029223,-0.027629,-0.001185
0.030969,-0.065265,0.520581,-0.026521,-0.032994,-0.000099
0.048604,-0.055733,0.525741,-0.024449,-0.036385,0.000624
0.063429,-0.048477,0.530335,-0.023768,-0.038458,0.000779
0.071771,-0.044115,0.533419,-0.024279,-0.039351,-0.000346
0.074118,-0.043331,0.534433,-0.024466,-0.039263,-0.003285
0.071427,-0.048845,0.533285,-0.023581,-0.038239,-0.006908
-,-,-,-,-,-
0.000775,-0.001120,0.009529,-0.000704,-0.000341,0.000098
0.005015,-0.006052,0.054816,-0.004332,-0.001602,0.000924
0.015516,-0.015893,0.151967,-0.012538,-0.003546,0.003232
0.031304,-0.028856,0.282234,-0.023674,-0.005393,0.006464
0.047565,-0.042737,0.409773,-0.034398,-0.006770,0.009253
0.059560,-0.055712,0.507293,-0.042393,-0.007526,0.010869
0.065377,-0.065811,0.564160,-0.046434,-0.007903,0.011033
0.065876,-0.071365,0.583966,-0.046149,-0.008576,0.009655
0.063221,-0.072488,0.578388,-0.042533,-0.009730,0.007224
0.059444,-0.070557,0.560875,-0.037587,-0.010719,0.004882
0.055762,-0.066943,0.541944,-0.033045,-0.011043,0.003749
0.051967,-0.065483,0.526994,-0.029297,-0.011611,0.003865
0.046840,-0.071367,0.517277,-0.025630,-0.014075,0.004356
0.040753,-0.084080,0.512975,-0.022188,-0.018678,0.004724
0.036626,-0.096771,0.513557,-0.020170,-0.023954,0.005057
0.036456,-0.103638,0.517047,-0.019838,-0.028241,0.005573
0.039063,-0.104054,0.521538,-0.020337,-0.030928,0.006642
0.042408,-0.100426,0.526057,-0.020878,-0.032483,0.008641
0.045615,-0.094817,0.530091,-0.021244,-0.033418,0.011895
0.048710,-0.087633,0.533222,-0.021545,-0.033769,0.016474
0.052187,-0.079310,0.535106,-0.021545,-0.033565,0.021498
0.056054,-0.071895,0.535708,-0.020627,-0.033476,0.025359
0.059009,-0.067381,0.535585,-0.018511,-0.034571,0.027028
0.059724,-0.065900,0.535404,-0.015623,-0.036949,0.026587
0.058651,-0.066209,0.534855,-0.012745,-0.039351,0.024513
0.057624,-0.066314,0.532964,-0.010662,-0.040238,0.021323
0.057639,-0.064389,0.529198,-0.009937,-0.038768,0.017743
0.057650,-0.060454,0.523858,-0.010668,-0.035306,0.014368
0.055917,-0.056091,0.518145,-0.012705,-0.031232,0.011554
0.052424,-0.052811,0.513451,-0.015913,-0.028058,0.009388
0.049020,-0.051770,0.510053,-0.019646,-0.026826,0.007480
0.047342,-0.053499,0.507493,-0.023015,-0.027787,0.005520
0.048148,-0.057372,0.506025,-0.025850,-0.030248,0.003725
0.051259,-0.062329,0.506419,-0.028415,-0.033030,0.002537
0.055344,-0.067715,0.509236,-0.030967,-0.035078,0.002287
0.059324,-0.073014,0.514425,-0.033367,-0.035790,0.003003
0.062926,-0.077148,0.520791,-0.034815,-0.035054,0.004340
0.065476,-0.078827,0.526304,-0.034810,-0.033187,0.005657
0.065796,-0.077505,0.529176,-0.033730,-0.030844,0.006459
0.063377,-0.073490,0.528991,-0.032551,-0.028695,0.007079
0.058898,-0.068216,0.526739,-0.032268,-0.027229,0.008281
0.053903,-0.064323,0.523323,-0.033016,-0.026658,0.009740
0.050353,-0.063591,0.519177,-0.034210,-0.026963,0.010095
0.049690,-0.065073,0.515210,-0.035434,-0.028269,0.008498
0.051890,-0.066448,0.512425,-0.036504,-0.030776,0.005066
0.055526,-0.066393,0.511418,-0.037118,-0.034499,0.000729
0.058795,-0.065156,0.512706,-0.036974,-0.039207,-0.002980
0.060760,-0.063707,0.516001,-0.036219,-0.044393,-0.005064
0.061672,-0.062884,0.519542,-0.035257,-0.049543,-0.005835
0.062124,-0.063078,0.521366,-0.034131,-0.054270,-0.005992
0.062647,-0.063973,0.521078,-0.032916,-0.058485,-0.005538
0.063749,-0.065033,0.519800,-0.032051,-0.062606,-0.004115
0.065710,-0.066110,0.518374,-0.031620,-0.066843,-0.002110
0.069037,-0.066713,0.516955,-0.031396,-0.070466,-0.000585
0.073910,-0.065592,0.516371,-0.031744,-0.072574,-0.000053
0.078928,-0.061962,0.517783,-0.033184,-0.073093,0.000087
0.082178,-0.058080,0.521457,-0.035105,-0.072202,0.000626
0.083075,-0.058408,0.526622,-0.036001,-0.069824,0.001421
0.082498,-0.064672,0.531647,-0.034679,-0.066283,0.001891
0.081449,-0.075029,0.535367,-0.030750,-0.062380,0.001837
0.081052,-0.086297,0.537553,-0.024754,-0.058575,0.001435
0.082907,-0.094930,0.537667,-0.017877,-0.055191,0.000875
0.086895,-0.098778,0.535927,-0.011364,-0.053052,0.000241
0.091259,-0.097721,0.533855,-0.006339,-0.052413,-0.000160
0.094948,-0.092669,0.532611,-0.003686,-0.052124,-0.000067
0.097506,-0.085441,0.532717,-0.003665,-0.050765,0.000267
0.098640,-0.078459,0.534162,-0.005775,-0.047801,0.000381
0.098583,-0.073767,0.536425,-0.009007,-0.043445,0.000083
0.098084,-0.072198,0.538864,-0.012311,-0.038093,-0.000376
0.097891,-0.072976,0.540813,-0.015033,-0.032341,-0.000531
0.098102,-0.074430,0.541974,-0.017081,-0.027103,-0.000106
0.098452,-0.075416,0.542644,-0.018758,-0.023156,0.000735
0.099218,-0.075627,0.543273,-0.020320,-0.020714,0.001421
0.100988,-0.074937,0.544042,-0.021643,-0.019522,0.001243
0.103591,-0.073418,0.544761,-0.022468,-0.019042,-0.000351
0.106182,-0.071477,0.544780,-0.022776,-0.018662,-0.003435
0.107877,-0.069724,0.543452,-0.022752,-0.018053,-0.007679
0.108095,-0.068749,0.540806,-0.022566,-0.017236,-0.012809
0.106912,-0.068750,0.537460,-0.022340,-0.016191,-0.018762
0.105115,-0.069753,0.533704,-0.022368,-0.014177,-0.025508
0.103310,-0.071764,0.528852,-0.022998,-0.010265,-0.032614
0.100499,-0.074409,0.522911,-0.023984,-0.005407,-0.038805
0.095224,-0.077123,0.517362,-0.024768,-0.002144,-0.042227
0.088087,-0.079376,0.513187,-0.025358,-0.001806,-0.041281
0.081133,-0.080441,0.510894,-0.026370,-0.003676,-0.035252
0.076049,-0.079654,0.511408,-0.028634,-0.006309,-0.024843
0.073860,-0.077101,0.514261,-0.032341,-0.008949,-0.012591
0.074829,-0.072783,0.516683,-0.037352,-0.011544,-0.001798
0.077022,-0.067165,0.516816,-0.043831,-0.014298,0.004942
0.077094,-0.063607,0.515974,-0.050336,-0.018147,0.006270
0.074696,-0.065181,0.515681,-0.054112,-0.023584,0.002768
0.072067,-0.070899,0.515072,-0.054192,-0.029326,-0.003379
0.070337,-0.078092,0.513056,-0.051534,-0.033608,-0.010005
0.069876,-0.084662,0.510368,-0.047506,-0.035679,-0.015651
0.071812,-0.088840,0.507731,-0.043535,-0.034994,-0.019696
0.077426,-0.088864,0.504774,-0.040810,-0.030634,-0.022184
0.085977,-0.083911,0.502178,-0.039247,-0.024105,-0.022988
0.095091,-0.075384,0.501697,-0.037760,-0.019224,-0.021842
0.103061,-0.066283,0.503874,-0.036030,-0.017423,-0.018976
0.108794,-0.059836,0.507809,-0.034675,-0.016964,-0.015138
0.111674,-0.058010,0.511998,-0.034204,-0.015711,-0.011422
0.111934,-0.059893,0.515056,-0.035046,-0.012497,-0.008911
0.109518,-0.062925,0.516932,-0.037395,-0.007575,-0.007940
0.104001,-0.065718,0.518804,-0.040504,-0.002522,-0.007884
0.097115,-0.067791,0.520953,-0.043380,0.001015,-0.008107
0.092476,-0.068614,0.522375,-0.045707,0.002689,-0.008459
0.091896,-0.068901,0.523026,-0.047264,0.003198,-0.008874
0.094640,-0.070499,0.524335,-0.047374,0.003208,-0.009268
0.098763,-0.074359,0.527174,-0.045582,0.003495,-0.009474
0.102114,-0.079623,0.530794,-0.042205,0.004866,-0.009289
0.104064,-0.084140,0.533483,-0.038028,0.007090,-0.008828
0.105446,-0.085748,0.533696,-0.034012,0.009362,-0.008383
0.106496,-0.083835,0.531014,-0.031126,0.011536,-0.008085
0.106637,-0.079706,0.526365,-0.030014,0.013973,-0.007952
0.105508,-0.075225,0.521289,-0.030699,0.016945,-0.007962
0.102767,-0.071957,0.516877,-0.032465,0.019954,-0.007945
0.098270,-0.071139,0.513366,-0.034176,0.021977,-0.007604
0.093250,-0.073028,0.510656,-0.035316,0.023247,-0.006462
0.090261,-0.076355,0.509027,-0.036439,0.025531,-0.004070
0.090959,-0.079560,0.509293,-0.038114,0.029730,-0.000711
0.094234,-0.082290,0.512158,-0.039834,0.034483,0.002877
0.097774,-0.084614,0.517052,-0.040288,0.037739,0.006132
0.100309,-0.085778,0.521971,-0.038546,0.038424,0.008283
0.101236,-0.084841,0.525012,-0.034706,0.036286,0.008498
0.100438,-0.081771,0.525543,-0.029775,0.031812,0.006714
0.098738,-0.077555,0.524174,-0.025342,0.026631,0.003817
0.096710,-0.073742,0.522138,-0.022757,0.022544,0.001062
0.094181,-0.071994,0.519837,-0.022376,0.020377,-0.000674
-,-,-,-,-,-
0.001407,-0.001748,0.009405,-0.000713,0.000592,0.000016
0.008170,-0.009839,0.054419,-0.004158,0.003458,0.000108
0.022994,-0.026594,0.151174,-0.011640,0.009675,0.000311
0.043509,-0.048062,0.280003,-0.021714,0.018140,0.000665
0.064155,-0.067815,0.404034,-0.031579,0.027092,0.001476
0.079537,-0.081822,0.496738,-0.039133,0.035480,0.003026
0.086379,-0.090018,0.549365,-0.043478,0.042197,0.004986
0.084757,-0.094019,0.566373,-0.044950,0.045989,0.006803
0.078046,-0.094417,0.558708,-0.044810,0.046381,0.008396
0.070739,-0.091767,0.539076,-0.044433,0.043984,0.009924
0.065690,-0.087828,0.518389,-0.044724,0.040074,0.011294
0.063528,-0.084790,0.503647,-0.045956,0.035692,0.012313
0.063506,-0.084458,0.497482,-0.047614,0.031077,0.012859
0.064143,-0.087961,0.498832,-0.048386,0.025858,0.012582
0.064574,-0.094874,0.504472,-0.047088,0.019802,0.011165
0.065452,-0.103191,0.511046,-0.043601,0.013381,0.008913
0.067409,-0.111028,0.516576,-0.038563,0.007116,0.006394
0.069939,-0.116885,0.519964,-0.032842,0.000959,0.003965
0.072762,-0.119099,0.520103,-0.027504,-0.005011,0.001959
0.076385,-0.116910,0.516929,-0.023478,-0.010247,0.000747
0.080602,-0.111354,0.511966,-0.020993,-0.014375,0.000557
0.083648,-0.104644,0.507636,-0.019688,-0.017702,0.001652
0.083309,-0.098886,0.506568,-0.019040,-0.021292,0.003946
0.079667,-0.095208,0.509542,-0.018547,-0.025443,0.006347
0.075990,-0.094305,0.514376,-0.017829,-0.028603,0.007539
0.075432,-0.096265,0.518100,-0.016675,-0.029505,0.007123
0.078520,-0.099718,0.518911,-0.015241,-0.028373,0.005738
0.084070,-0.103587,0.516427,-0.013832,-0.026209,0.004531
0.090384,-0.108119,0.511744,-0.012357,-0.024838,0.004252
0.095370,-0.112822,0.507267,-0.010656,-0.025853,0.004861
0.097450,-0.115861,0.505054,-0.008884,-0.029299,0.006007
0.096614,-0.115955,0.505588,-0.007225,-0.034506,0.007239
0.094045,-0.113200,0.508472,-0.005866,-0.040729,0.007981
0.091468,-0.108212,0.512708,-0.005015,-0.046896,0.007693
0.089742,-0.100768,0.517421,-0.004909,-0.052117,0.006366
0.088913,-0.089669,0.522287,-0.005945,-0.055553,0.004729
0.089839,-0.075947,0.525539,-0.008115,-0.056631,0.003109
0.092635,-0.064340,0.524328,-0.010544,-0.056593,0.000965
0.095860,-0.059053,0.517952,-0.012264,-0.056635,-0.001828
0.098842,-0.062036,0.507997,-0.012516,-0.055164,-0.003528
0.100204,-0.075769,0.497453,-0.010660,-0.051708,-0.001689
0.097738,-0.098859,0.491528,-0.007035,-0.050480,0.002688
0.094364,-0.121143,0.493899,-0.002420,-0.054845,0.005768
0.095574,-0.131971,0.502144,0.003062,-0.062886,0.005889
0.102024,-0.128543,0.511153,0.008634,-0.070572,0.004397
0.111765,-0.114344,0.517885,0.012477,-0.074551,0.003324
0.123619,-0.094966,0.521142,0.013336,-0.072661,0.003777
0.135247,-0.075435,0.521113,0.010773,-0.065013,0.005815
0.143038,-0.059178,0.519791,0.004697,-0.054202,0.009187
0.145424,-0.048480,0.519122,-0.004163,-0.043332,0.013244
0.142747,-0.045026,0.519419,-0.013892,-0.034418,0.016789
0.135264,-0.049080,0.519933,-0.022128,-0.028181,0.018928
0.124593,-0.058988,0.520011,-0.027265,-0.024629,0.019595
0.116863,-0.073116,0.517838,-0.026572,-0.021902,0.018209
0.116876,-0.092042,0.511286,-0.016704,-0.015958,0.014140
0.118723,-0.114666,0.503850,-0.001571,-0.007024,0.009788
0.116964,-0.132987,0.501115,0.009175,-0.000592,0.008407
0.115047,-0.138473,0.504013,0.011109,0.000427,0.010550
0.113533,-0.131009,0.511409,0.006153,-0.002854,0.015168
0.109628,-0.116242,0.521042,-0.002473,-0.008416,0.020693
0.104730,-0.099129,0.529555,-0.012219,-0.013839,0.025749
0.102853,-0.082932,0.534752,-0.021276,-0.016734,0.029531
0.106626,-0.070171,0.536251,-0.028221,-0.015925,0.031327
0.115322,-0.062335,0.535462,-0.032331,-0.012013,0.030723
0.125238,-0.059737,0.534402,-0.034007,-0.006810,0.027899
0.132149,-0.061286,0.534203,-0.034091,-0.001510,0.023624
0.134088,-0.064916,0.534470,-0.033283,0.004165,0.019090
0.132048,-0.070062,0.530760,-0.030723,0.011157,0.015577
0.125957,-0.078880,0.517831,-0.024404,0.020264,0.015477
0.113682,-0.091591,0.500417,-0.016841,0.029959,0.021002
0.098860,-0.102793,0.488472,-0.014514,0.036345,0.028899
0.088988,-0.107047,0.484954,-0.020262,0.037521,0.033236
0.086088,-0.104062,0.487585,-0.031624,0.035209,0.032958
0.088618,-0.097461,0.492854,-0.043607,0.031889,0.030923
0.094765,-0.091951,0.498470,-0.051700,0.028548,0.029708
0.100716,-0.090493,0.506146,-0.053713,0.025187,0.030127
0.102148,-0.093937,0.518244,-0.048241,0.021914,0.031508
0.099238,-0.101965,0.532055,-0.034230,0.018694,0.032557
0.095782,-0.111940,0.541528,-0.012271,0.015596,0.032958
0.094446,-0.117625,0.541860,0.014084,0.014327,0.034899
0.094831,-0.112486,0.531507,0.036703,0.016178,0.041396
0.091877,-0.097265,0.515680,0.047697,0.017721,0.053337
0.082137,-0.082087,0.502125,0.045463,0.014371,0.068461
0.071678,-0.077509,0.492632,0.032256,0.006788,0.082282
0.069042,-0.083970,0.485926,0.011152,-0.000886,0.090742
0.077075,-0.094289,0.482201,-0.011752,-0.006420,0.091980
0.093586,-0.103516,0.482856,-0.027155,-0.011113,0.085854
0.112766,-0.109539,0.489455,-0.029258,-0.016205,0.073738
0.128296,-0.109879,0.500222,-0.019948,-0.019981,0.058429
0.135671,-0.102849,0.511598,-0.005081,-0.021155,0.043331
0.132461,-0.088925,0.523131,0.009429,-0.021186,0.031607
0.120710,-0.071446,0.533994,0.018630,-0.020160,0.025129
0.106324,-0.056494,0.539458,0.019270,-0.015669,0.023499
0.092859,-0.048998,0.536420,0.011356,-0.007719,0.024609
0.079360,-0.049680,0.527318,-0.001700,0.000038,0.026217
0.066692,-0.057410,0.516117,-0.016008,0.003640,0.026508
0.059948,-0.070789,0.505066,-0.028768,0.000632,0.024396
0.061652,-0.087945,0.496635,-0.037003,-0.009788,0.020070
0.067993,-0.105507,0.495769,-0.038245,-0.027294,0.014498
0.073132,-0.118457,0.506829,-0.032192,-0.050325,0.008999
0.075070,-0.124211,0.526969,-0.020305,-0.074153,0.005421
0.078430,-0.123500,0.544960,-0.005349,-0.091514,0.005269
0.089929,-0.116585,0.550200,0.008644,-0.098212,0.008697
0.111678,-0.101955,0.541424,0.016842,-0.094195,0.014745
0.140855,-0.079575,0.523974,0.016025,-0.080108,0.022042
0.170597,-0.055250,0.504299,0.007749,-0.059258,0.028856
0.191322,-0.038619,0.489038,-0.003783,-0.037498,0.033127
0.196896,-0.034910,0.483841,-0.015497,-0.019308,0.033446
0.188136,-0.042080,0.490434,-0.024810,-0.007349,0.029685
0.170116,-0.055892,0.504468,-0.029214,-0.002188,0.022677
0.149965,-0.073090,0.517863,-0.027941,-0.002187,0.013773
0.132804,-0.090042,0.526296,-0.022332,-0.005758,0.004703
0.118611,-0.102314,0.531339,-0.014936,-0.011696,-0.002388
0.107150,-0.107024,0.534426,-0.008490,-0.017114,-0.005631
0.100403,-0.104282,0.535209,-0.004778,-0.018759,-0.004600
0.099109,-0.096268,0.533918,-0.004231,-0.015541,-0.000435
0.101604,-0.086037,0.531116,-0.006729,-0.008364,0.005238
0.105390,-0.076455,0.527331,-0.012194,0.000828,0.011312
0.108659,-0.069707,0.523817,-0.020151,0.009738,0.017268
0.110348,-0.067630,0.522624,-0.029022,0.016025,0.022473
0.109715,-0.070873,0.526312,-0.035999,0.017400,0.025898
0.106946,-0.077787,0.535867,-0.037699,0.012630,0.026978
0.104909,-0.085546,0.546045,-0.032548,0.003596,0.026022
0.107070,-0.091471,0.549085,-0.023043,-0.006802,0.023513
0.112165,-0.093112,0.544771,-0.013642,-0.017735,0.019940
0.116272,-0.089175,0.538921,-0.007126,-0.027666,0.015992
0.118384,-0.080870,0.534899,-0.004713,-0.033681,0.012401
0.119448,-0.071136,0.532696,-0.007120,-0.034651,0.009596
-,-,-,-,-,-
0.002318,-0.001297,0.009244,-0.000740,0.000139,-0.000027
