-,-,-,-,-,-
0.001370,-0.011321,-0.001734,0.000378,0.000024,0.004967
0.007214,-0.062634,-0.008167,0.002753,-0.000761,0.029092
0.016233,-0.160438,-0.014610,0.001273,-0.009483,0.086055
0.024572,-0.267684,-0.017299,-0.029772,-0.038201,0.177547
0.038413,-0.358178,-0.033087,-0.108121,-0.078646,0.286394
0.061851,-0.442765,-0.073357,-0.198803,-0.093479,0.374533
0.076379,-0.521372,-0.115765,-0.242422,-0.058076,0.398003
0.062138,-0.565095,-0.132689,-0.224715,0.007034,0.329424
0.030971,-0.557688,-0.121549,-0.181461,0.057734,0.179406
0.017276,-0.519033,-0.100629,-0.150541,0.070759,0.004581
0.039110,-0.487099,-0.089638,-0.141405,0.063126,-0.124624
0.078315,-0.492763,-0.094881,-0.134771,0.067094,-0.177239
0.100686,-0.535733,-0.109163,-0.102600,0.093611,-0.181467
0.091899,-0.577679,-0.120409,-0.037931,0.126356,-0.189437
0.069976,-0.580785,-0.121547,0.037086,0.145107,-0.221344
0.060760,-0.545704,-0.114643,0.094873,0.146726,-0.251467
0.068662,-0.497897,-0.106749,0.124147,0.141652,-0.247062
0.079742,-0.458725,-0.103417,0.130118,0.137453,-0.204570
0.084849,-0.437992,-0.103354,0.125046,0.134535,-0.146372
0.085869,-0.435689,-0.100378,0.119092,0.132275,-0.095051
0.083881,-0.443353,-0.091678,0.112982,0.128427,-0.058157
0.076175,-0.452047,-0.080372,0.098533,0.115834,-0.033389
0.064895,-0.462311,-0.072031,0.070698,0.089273,-0.021134
0.058797,-0.478924,-0.071311,0.037654,0.054679,-0.027204
0.065014,-0.496471,-0.078519,0.013740,0.025389,-0.049082
0.080954,-0.503366,-0.089135,0.004316,0.009833,-0.066538
0.094817,-0.497621,-0.097744,0.003195,0.005323,-0.058657
0.097256,-0.485853,-0.100285,0.001500,0.002182,-0.025423
0.092320,-0.475994,-0.096260,-0.005288,-0.005955,0.017002
0.091672,-0.475838,-0.090120,-0.014372,-0.014898,0.055316
0.098725,-0.487010,-0.086227,-0.019065,-0.015689,0.087247
0.105046,-0.502624,-0.085252,-0.016801,-0.006576,0.114954
0.102911,-0.514445,-0.086050,-0.011526,0.004724,0.137951
0.094972,-0.519248,-0.086647,-0.008915,0.009690,0.156485
0.088193,-0.519534,-0.084638,-0.011035,0.006618,0.174893
0.083327,-0.518398,-0.079687,-0.016144,-0.001548,0.196183
0.076554,-0.516301,-0.074961,-0.021121,-0.012667,0.216138
0.067383,-0.513232,-0.074360,-0.022069,-0.024900,0.226302
0.058738,-0.508207,-0.078357,-0.017493,-0.035104,0.223306
0.052641,-0.498748,-0.083668,-0.012062,-0.041629,0.213006
0.049751,-0.486223,-0.087436,-0.012239,-0.045256,0.204931
0.049819,-0.477357,-0.089929,-0.019425,-0.046106,0.204518
0.050429,-0.476729,-0.091799,-0.030130,-0.043374,0.209972
0.049052,-0.482567,-0.091708,-0.039296,-0.037904,0.215313
0.046083,-0.490336,-0.089013,-0.042501,-0.031927,0.216466
0.042662,-0.496236,-0.085759,-0.038626,-0.026674,0.213712
0.038042,-0.498631,-0.083508,-0.030813,-0.022586,0.209389
0.030837,-0.497653,-0.081191,-0.023773,-0.021246,0.205167
0.020500,-0.492162,-0.078358,-0.022219,-0.025596,0.202227
0.008922,-0.479098,-0.075757,-0.033450,-0.037782,0.203126
0.001548,-0.461954,-0.072810,-0.062768,-0.055885,0.211997
0.000784,-0.454691,-0.068491,-0.099089,-0.075015,0.232785
0.000427,-0.466351,-0.062506,-0.119244,-0.093497,0.262597
-0.004526,-0.490279,-0.058863,-0.112775,-0.113419,0.286666
-0.008691,-0.514419,-0.064883,-0.089636,-0.132205,0.287653
-0.004393,-0.533029,-0.080589,-0.064700,-0.139090,0.260283
0.006372,-0.546328,-0.096931,-0.043712,-0.125486,0.216291
0.013574,-0.552836,-0.105651,-0.024260,-0.095521,0.173126
0.010354,-0.546136,-0.105927,-0.005439,-0.062571,0.140214
-0.003346,-0.523269,-0.100664,0.009916,-0.040794,0.124723
-0.023396,-0.493100,-0.091872,0.021247,-0.040298,0.135280
-0.040737,-0.468403,-0.083660,0.029759,-0.060277,0.167614
-0.046883,-0.454241,-0.081028,0.033777,-0.086616,0.205375
-0.043682,-0.450238,-0.083780,0.031302,-0.103290,0.234759
-0.040005,-0.454324,-0.086757,0.023278,-0.104747,0.246383
-0.041417,-0.460815,-0.085836,0.011755,-0.096196,0.238564
-0.047119,-0.464875,-0.084175,-0.001764,-0.085739,0.220590
-0.052496,-0.466942,-0.087965,-0.015772,-0.076610,0.198806
-0.053587,-0.467148,-0.095631,-0.029144,-0.065999,0.170139
-0.051805,-0.464664,-0.100590,-0.041900,-0.051706,0.134773
-0.052074,-0.462097,-0.100871,-0.053367,-0.037279,0.100497
-0.055471,-0.461898,-0.098242,-0.061338,-0.028587,0.075112
-0.058547,-0.463999,-0.094115,-0.064168,-0.027524,0.062589
-0.059486,-0.467528,-0.089871,-0.062314,-0.031138,0.063307
-0.059542,-0.471364,-0.086732,-0.058695,-0.035302,0.074415
-0.060247,-0.476023,-0.084900,-0.056760,-0.037014,0.089930
-0.062838,-0.482422,-0.082555,-0.057151,-0.035058,0.103017
-0.068861,-0.488927,-0.076952,-0.057695,-0.033429,0.116203
-0.077916,-0.494574,-0.071836,-0.055894,-0.040543,0.137919
-0.083493,-0.499518,-0.075426,-0.051078,-0.056386,0.160407
-0.080236,-0.500453,-0.086186,-0.046263,-0.068924,0.168973
-0.074637,-0.496549,-0.093977,-0.046125,-0.070304,0.162871
-0.075214,-0.493992,-0.094613,-0.050808,-0.065252,0.146581
-0.079304,-0.495575,-0.086265,-0.055232,-0.061360,0.125588
-0.080452,-0.497399,-0.063746,-0.055632,-0.061131,0.112637
-0.079423,-0.498318,-0.036616,-0.052060,-0.062961,0.115601
-0.079885,-0.501243,-0.025286,-0.045338,-0.062805,0.122228
-0.082338,-0.505717,-0.033122,-0.037285,-0.057224,0.115653
-0.086472,-0.509348,-0.049119,-0.030726,-0.047474,0.093214
-0.091665,-0.511531,-0.065856,-0.025627,-0.038029,0.062119
-0.095863,-0.510028,-0.080751,-0.020810,-0.031893,0.033596
-0.097344,-0.502766,-0.090713,-0.018285,-0.029060,0.017272
-0.096269,-0.492709,-0.094151,-0.020133,-0.028123,0.015309
-0.094542,-0.484227,-0.093884,-0.024506,-0.027835,0.023879
-0.093683,-0.478069,-0.092433,-0.027944,-0.027383,0.036345
-0.092996,-0.474268,-0.089217,-0.029130,-0.025808,0.047509
-0.091591,-0.475903,-0.084343,-0.028332,-0.021931,0.056972
-0.091331,-0.484892,-0.080158,-0.024326,-0.015460,0.064366
-0.094263,-0.497152,-0.078957,-0.015226,-0.007721,0.065306
-0.098871,-0.505869,-0.080635,-0.002055,-0.000715,0.057204
-0.102552,-0.505054,-0.082103,0.010576,0.003841,0.044541
-0.104278,-0.493404,-0.080554,0.017631,0.005514,0.035527
-0.104249,-0.479392,-0.076533,0.019073,0.006338,0.033502
-0.104069,-0.471913,-0.072636,0.019095,0.008621,0.032901
-0.103895,-0.471483,-0.072363,0.018224,0.011871,0.030403
-0.101361,-0.478067,-0.078377,0.014267,0.014938,0.031728
-0.097929,-0.489856,-0.087818,0.009625,0.018328,0.036888
-0.098676,-0.496209,-0.094314,0.006916,0.021007,0.037026
-0.104211,-0.490319,-0.095662,0.003158,0.019906,0.029453
-0.110069,-0.479511,-0.093862,-0.003816,0.014746,0.018924
-0.112556,-0.472778,-0.090437,-0.011491,0.008765,0.009912
-0.111911,-0.471726,-0.086253,-0.017467,0.005056,0.004422
-0.110805,-0.475202,-0.082991,-0.021522,0.004281,0.001648
-0.110725,-0.481316,-0.081802,-0.024407,0.005032,-0.000342
-0.110859,-0.488054,-0.081987,-0.027152,0.005803,-0.002335
-0.110178,-0.495352,-0.082727,-0.029199,0.006318,-0.004615
-0.108768,-0.502159,-0.084118,-0.028151,0.006877,-0.006526
-0.107190,-0.502959,-0.085984,-0.023540,0.007533,-0.005453
-0.105828,-0.494444,-0.088324,-0.017766,0.009133,0.000283
-0.105592,-0.482845,-0.091391,-0.011799,0.012983,0.009594
-0.107723,-0.475262,-0.093764,-0.005068,0.017650,0.020694
-0.111486,-0.472360,-0.093256,0.000836,0.019540,0.031776
-0.114754,-0.472725,-0.089671,0.003163,0.017119,0.040598
-0.117015,-0.474557,-0.084533,0.000371,0.011465,0.045428
-0.118537,-0.477283,-0.079528,-0.007116,0.004159,0.045357
-0.118359,-0.482043,-0.076287,-0.015952,-0.002841,0.039921
-0.116085,-0.487172,-0.075876,-0.021773,-0.007010,0.029901
-0.113463,-0.488376,-0.077847,-0.023586,-0.007238,0.018281
-,-,-,-,-,-
-0.001783,-0.009036,-0.001425,-0.000642,0.000058,-0.000051
-0.010466,-0.051589,-0.008246,-0.003681,0.000531,-0.000337
-0.029834,-0.141915,-0.022807,-0.010366,0.001904,-0.001158
-0.057207,-0.261391,-0.042122,-0.019885,0.003815,-0.002629
-0.085911,-0.373794,-0.061414,-0.031941,0.005236,-0.004551
-0.109403,-0.452142,-0.077628,-0.048431,0.006140,-0.006929
-0.122851,-0.494893,-0.088844,-0.066658,0.007489,-0.009610
-0.125926,-0.514785,-0.094209,-0.077003,0.009537,-0.011057
-0.123439,-0.518879,-0.094500,-0.073947,0.011016,-0.009129
-0.120354,-0.510508,-0.091636,-0.062241,0.009965,-0.003220
-0.118396,-0.494980,-0.088099,-0.050190,0.005937,0.004912
-0.117712,-0.477206,-0.085802,-0.042918,0.000573,0.012694
-0.118618,-0.460359,-0.084428,-0.043009,-0.005265,0.020014
-0.120516,-0.448953,-0.082188,-0.051603,-0.012424,0.028543
-0.122717,-0.447805,-0.076931,-0.063373,-0.021019,0.040267
-0.127538,-0.456258,-0.071494,-0.068401,-0.031379,0.055355
-0.133749,-0.470773,-0.078647,-0.064555,-0.044413,0.065219
-0.131700,-0.487114,-0.102694,-0.057014,-0.054339,0.061242
-0.120401,-0.499273,-0.126942,-0.048580,-0.050658,0.047666
-0.113667,-0.502961,-0.135980,-0.039774,-0.034241,0.031574
-0.117438,-0.496377,-0.130140,-0.032406,-0.017700,0.015664
-0.122735,-0.481409,-0.116315,-0.029507,-0.008612,0.003790
-0.123528,-0.465484,-0.100726,-0.032673,-0.004977,0.000532
-0.123260,-0.455499,-0.087865,-0.039472,-0.004361,0.005458
-0.125670,-0.453418,-0.081637,-0.045549,-0.008811,0.013040
-0.128735,-0.460991,-0.086409,-0.049235,-0.020441,0.017270
-0.125621,-0.477639,-0.100828,-0.050745,-0.033762,0.014836
-0.115399,-0.494350,-0.114201,-0.050169,-0.038170,0.008992
-0.108350,-0.502940,-0.117505,-0.047827,-0.031286,0.004419
-0.110197,-0.501871,-0.111705,-0.043442,-0.020900,0.000245
-0.114886,-0.490666,-0.102032,-0.037621,-0.012972,-0.003788
-0.117493,-0.471478,-0.092039,-0.033263,-0.007317,-0.004721
-0.120340,-0.448915,-0.084431,-0.032489,-0.003466,0.001179
-0.126860,-0.429527,-0.084058,-0.035171,-0.003829,0.016045
-0.134452,-0.424824,-0.095592,-0.040308,-0.010150,0.034282
-0.135859,-0.439169,-0.114756,-0.045269,-0.017798,0.047278
-0.131044,-0.463631,-0.128344,-0.046746,-0.019074,0.052201
-0.127868,-0.489312,-0.127882,-0.042792,-0.013532,0.047553
-0.128313,-0.509806,-0.116769,-0.032288,-0.006322,0.031855
-0.128337,-0.518594,-0.102673,-0.015819,0.000982,0.007680
-0.127579,-0.514238,-0.090069,0.003835,0.009530,-0.021655
-0.127930,-0.499664,-0.080550,0.023046,0.018297,-0.054116
-0.128392,-0.477846,-0.075094,0.037547,0.025255,-0.085300
-0.126950,-0.452418,-0.074030,0.042924,0.030034,-0.107268
-0.123550,-0.429381,-0.075464,0.036930,0.033279,-0.113353
-0.119055,-0.416352,-0.076078,0.021246,0.035319,-0.103997
-0.114106,-0.419417,-0.074860,0.001602,0.036622,-0.087595
-0.109797,-0.438272,-0.073637,-0.014603,0.038381,-0.075407
-0.107969,-0.465578,-0.073597,-0.023459,0.041151,-0.074672
-0.109636,-0.494046,-0.074551,-0.026080,0.043257,-0.085286
-0.112837,-0.520809,-0.077142,-0.024086,0.042503,-0.102219
-0.114157,-0.542942,-0.082415,-0.016747,0.039414,-0.121665
-0.112041,-0.556104,-0.090066,-0.002878,0.036640,-0.144462
-0.106348,-0.558880,-0.099041,0.017258,0.036360,-0.173439
-0.097130,-0.552469,-0.108341,0.041583,0.040235,-0.208692
-0.086309,-0.538828,-0.116795,0.065950,0.049613,-0.245509
-0.077731,-0.522870,-0.122539,0.085648,0.063776,-0.277960
-0.073656,-0.510838,-0.124096,0.098242,0.079525,-0.303882
-0.074121,-0.504393,-0.122978,0.102762,0.093774,-0.322599
-0.079436,-0.503831,-0.121305,0.097230,0.104432,-0.331885
-0.088347,-0.515244,-0.118105,0.082122,0.108953,-0.333704
-0.095134,-0.544933,-0.114059,0.064488,0.107277,-0.337880
-0.094188,-0.590203,-0.115049,0.053740,0.105613,-0.355422
-0.086036,-0.641196,-0.125655,0.054794,0.112017,-0.391056
-0.074604,-0.689491,-0.143531,0.067352,0.129189,-0.443081
-0.060862,-0.731716,-0.161663,0.090501,0.154502,-0.507574
-0.043437,-0.763976,-0.173356,0.125213,0.184438,-0.579588
-0.023317,-0.777803,-0.174716,0.171477,0.216475,-0.653615
-0.004235,-0.765358,-0.164933,0.225047,0.248158,-0.726557
0.011012,-0.726640,-0.146552,0.278007,0.276367,-0.797261
0.022957,-0.672122,-0.123445,0.323856,0.299172,-0.863605
0.033591,-0.617064,-0.095919,0.361544,0.317117,-0.921703
0.043282,-0.571005,-0.060878,0.390443,0.329284,-0.966024
0.050936,-0.538096,-0.020661,0.405827,0.329444,-0.988287
0.057028,-0.522895,0.011267,0.405790,0.311273,-0.977669
0.065282,-0.527374,0.020246,0.396943,0.278087,-0.929919
0.079368,-0.549155,0.006217,0.390235,0.243096,-0.858876
0.097960,-0.583657,-0.016490,0.394842,0.218883,-0.792413
0.116530,-0.622551,-0.035357,0.415066,0.209609,-0.752506
0.132242,-0.653641,-0.049181,0.450768,0.213886,-0.740308
0.142171,-0.665452,-0.060616,0.499345,0.229487,-0.742590
0.142378,-0.650866,-0.066888,0.554872,0.251774,-0.747084
0.132887,-0.609946,-0.062087,0.606226,0.273424,-0.748911
0.118343,-0.552691,-0.044190,0.639143,0.288667,-0.753693
0.105443,-0.496228,-0.018174,0.640190,0.294728,-0.775271
0.103095,-0.458897,0.005308,0.603535,0.292926,-0.820649
0.117280,-0.453880,0.019003,0.539792,0.293140,-0.881081
0.141670,-0.482298,0.028661,0.473930,0.307338,-0.940362
0.164120,-0.535067,0.043490,0.432428,0.334544,-0.985834
0.182071,-0.595759,0.058467,0.431662,0.366750,-1.000000
0.197123,-0.642370,0.059865,0.470278,0.402352,-1.000000
0.205662,-0.661922,0.045299,0.531659,0.439842,-1.000000
0.206288,-0.653379,0.027399,0.597472,0.475311,-1.000000
0.199850,-0.618341,0.022805,0.657234,0.508855,-1.000000
0.183571,-0.563533,0.043135,0.707697,0.538861,-0.999001
0.159437,-0.499463,0.085100,0.749253,0.556330,-0.987905
0.138024,-0.435501,0.127968,0.783040,0.555139,-0.957880
0.123847,-0.378432,0.155734,0.808389,0.542118,-0.916589
0.109746,-0.326317,0.173751,0.821407,0.528476,-0.891674
0.089735,-0.269067,0.193534,0.813581,0.516384,-0.896021
0.067921,-0.201383,0.215953,0.773472,0.499581,-0.921845
0.056197,-0.131083,0.235035,0.697563,0.474237,-0.954467
0.062675,-0.071775,0.249262,0.599072,0.446094,-0.980838
0.081423,-0.030239,0.263903,0.500901,0.424023,-0.994889
0.100355,-0.006939,0.283392,0.423418,0.408124,-0.993534
0.116412,-0.002819,0.301838,0.378909,0.391399,-0.971107
0.133534,-0.014625,0.305560,0.369058,0.372979,-0.925050
0.149657,-0.031393,0.289080,0.385423,0.359500,-0.859967
0.158045,-0.041363,0.260619,0.415320,0.354331,-0.780803
0.154575,-0.034878,0.231400,0.447474,0.352594,-0.685206
0.136337,-0.003854,0.208106,0.472879,0.341367,-0.564142
0.105965,0.054454,0.195541,0.485041,0.304070,-0.406974
0.075952,0.133565,0.201095,0.480946,0.231141,-0.205188
0.058030,0.217799,0.231418,0.462025,0.123515,0.041970
0.055419,0.290456,0.285221,0.432490,-0.015287,0.320173
0.066880,0.344336,0.353566,0.389923,-0.183085,0.595767
0.090878,0.373842,0.421396,0.323200,-0.372504,0.826301
0.129101,0.364833,0.467989,0.226534,-0.564489,0.983410
0.183605,0.309719,0.476752,0.109850,-0.732551,1.000000
0.249586,0.221198,0.445242,-0.006911,-0.853753,1.000000
0.319402,0.122940,0.386347,-0.108123,-0.914787,1.000000
0.386933,0.036397,0.322090,-0.190647,-0.911665,1.000000
0.441035,-0.026453,0.270602,-0.259938,-0.854308,1.000000
0.467813,-0.067361,0.237135,-0.320864,-0.771515,0.990569
0.467170,-0.095083,0.217973,-0.374736,-0.694925,0.983171
0.456159,-0.114786,0.208896,-0.424466,-0.635092,0.984002
0.452009,-0.131591,0.207536,-0.479178,-0.582697,0.989123
0.458839,-0.159438,0.210549,-0.548394,-0.525831,0.995096
-,-,-,-,-,-
0.005978,-0.008563,0.002804,-0.013557,-0.001264,0.018098
0.033692,-0.050390,0.014748,-0.078162,-0.005825,0.104247
0.089715,-0.141802,0.034762,-0.214548,-0.010626,0.288760
0.157957,-0.259667,0.049008,-0.389236,-0.005609,0.534736
0.215021,-0.357540,0.046550,-0.548222,0.019942,0.773359
0.241914,-0.412061,0.031379,-0.659695,0.068859,0.953688
0.229519,-0.432875,0.014306,-0.716116,0.131172,1.000000
0.183533,-0.432645,0.004292,-0.726660,0.190317,1.000000
0.112489,-0.421919,0.005736,-0.712682,0.231378,1.000000
0.020258,-0.421443,0.012608,-0.690394,0.241870,1.000000
-0.083397,-0.444117,0.012165,-0.657401,0.217144,1.000000
-0.182520,-0.480401,-0.001348,-0.603793,0.168626,0.994969
-0.264927,-0.512391,-0.023489,-0.526711,0.117739,0.983433
-0.322271,-0.523428,-0.044925,-0.432988,0.081409,0.981943
-0.351201,-0.502603,-0.056267,-0.337611,0.066332,0.986413
-0.358345,-0.452255,-0.052521,-0.260148,0.070719,0.992834
-0.355088,-0.387676,-0.034242,-0.219392,0.087521,0.998435
-0.351890,-0.334083,-0.006968,-0.224990,0.109671,1.000000
-0.358597,-0.317646,0.019094,-0.268360,0.133977,0.989422
-0.380886,-0.349536,0.035111,-0.324962,0.158875,0.946946
-0.415863,-0.420100,0.040690,-0.369267,0.179208,0.849633
-0.450730,-0.506881,0.042800,-0.386380,0.189359,0.686115
-0.468289,-0.581487,0.047971,-0.375786,0.191010,0.474858
-0.462200,-0.621814,0.053693,-0.352178,0.188061,0.262717
-0.438171,-0.630235,0.052865,-0.331813,0.178775,0.094769
-0.400982,-0.620085,0.044175,-0.318800,0.163446,-0.012477
-0.358009,-0.598983,0.030108,-0.311248,0.149992,-0.068757
-0.323602,-0.578672,0.013240,-0.305490,0.142933,-0.093422
-0.305332,-0.570429,-0.002868,-0.294208,0.137298,-0.102437
-0.298164,-0.572668,-0.014497,-0.271831,0.127284,-0.103220
-0.294031,-0.573718,-0.020003,-0.240178,0.111675,-0.096063
-0.286669,-0.561982,-0.020130,-0.207205,0.091259,-0.078929
-0.271040,-0.535912,-0.016354,-0.181541,0.068540,-0.055171
-0.247132,-0.504122,-0.010711,-0.167338,0.048900,-0.037797
-0.221835,-0.477048,-0.006400,-0.163062,0.038170,-0.044844
-0.203062,-0.462625,-0.006930,-0.163419,0.040684,-0.093197
-0.194646,-0.465372,-0.013662,-0.161566,0.059619,-0.194729
-0.194565,-0.484924,-0.024145,-0.151701,0.097320,-0.350538
-0.197725,-0.516484,-0.034224,-0.132432,0.153526,-0.543266
-0.202970,-0.550180,-0.042073,-0.110538,0.219634,-0.738092
-0.211237,-0.575999,-0.049025,-0.097430,0.276483,-0.897216
-0.219181,-0.593487,-0.057003,-0.096142,0.302912,-0.997082
-0.219450,-0.607460,-0.068139,-0.096783,0.291318,-1.000000
-0.206947,-0.617653,-0.084662,-0.087103,0.255995,-1.000000
-0.185511,-0.616956,-0.105169,-0.064188,0.220470,-1.000000
-0.164638,-0.598802,-0.125234,-0.035903,0.196221,-0.981094
-0.150507,-0.566476,-0.141789,-0.012645,0.179445,-0.924449
-0.143695,-0.530473,-0.152488,-0.001801,0.164339,-0.827284
-0.143728,-0.505990,-0.157315,-0.006898,0.149044,-0.696515
-0.149184,-0.511669,-0.163120,-0.023600,0.134440,-0.565231
-0.155244,-0.553089,-0.177073,-0.040030,0.126509,-0.467052
-0.159925,-0.615866,-0.195626,-0.045040,0.131525,-0.412187
-0.164983,-0.680679,-0.206952,-0.032788,0.145949,-0.390377
-0.167607,-0.732743,-0.202880,-0.002427,0.160552,-0.389146
-0.163697,-0.762886,-0.185757,0.041390,0.171200,-0.402051
-0.154631,-0.772068,-0.166035,0.089538,0.179779,-0.425982
-0.142531,-0.771956,-0.152565,0.133716,0.191578,-0.462629
-0.127482,-0.777278,-0.144946,0.171584,0.212255,-0.519644
-0.109854,-0.796124,-0.138036,0.206709,0.243025,-0.603032
-0.090151,-0.822041,-0.129386,0.244383,0.281665,-0.708921
-0.070897,-0.837866,-0.118166,0.285702,0.326181,-0.821471
-0.056562,-0.831575,-0.102518,0.325154,0.372707,-0.919715
-0.045979,-0.804264,-0.081162,0.356353,0.414778,-0.988939
-0.033356,-0.765320,-0.054865,0.379031,0.449508,-1.000000
-0.018810,-0.722959,-0.021968,0.399266,0.474999,-1.000000
-0.007698,-0.679353,0.019837,0.420785,0.486022,-1.000000
-0.004503,-0.636564,0.059232,0.437603,0.484876,-1.000000
-0.009806,-0.595685,0.078101,0.441495,0.480191,-1.000000
-0.018254,-0.550359,0.074750,0.429848,0.475089,-0.996629
-0.023919,-0.496072,0.063346,0.404813,0.468775,-0.992978
-0.022627,-0.436600,0.058420,0.373863,0.460278,-0.993022
-0.010303,-0.374544,0.065969,0.345191,0.450187,-0.995087
0.010261,-0.306992,0.083091,0.318444,0.439135,-0.997655
0.029344,-0.233259,0.103196,0.285807,0.422608,-0.995769
0.042481,-0.163436,0.121407,0.242800,0.393647,-0.976646
0.055440,-0.114952,0.136620,0.195101,0.352075,-0.928990
0.075129,-0.098951,0.150072,0.154165,0.306975,-0.855642
0.100620,-0.112583,0.162808,0.127612,0.268620,-0.770398
0.125579,-0.142253,0.174750,0.113162,0.240336,-0.686886
0.145757,-0.172879,0.185429,0.100615,0.217628,-0.610651
0.163160,-0.195949,0.194381,0.080926,0.194094,-0.539148
0.182438,-0.209761,0.201223,0.053626,0.168301,-0.468544
0.203844,-0.215591,0.205277,0.025337,0.142427,-0.398208
0.224526,-0.216137,0.204539,0.002764,0.117393,-0.329637
0.243049,-0.214999,0.197131,-0.011850,0.093910,-0.264269
0.258155,-0.214995,0.184827,-0.020422,0.073035,-0.202152
0.269452,-0.218910,0.172089,-0.026255,0.053525,-0.141317
0.280332,-0.231576,0.160873,-0.030803,0.033927,-0.080882
0.294481,-0.257205,0.149705,-0.032813,0.016199,-0.024358
0.311896,-0.294580,0.137446,-0.030421,0.004566,0.021487
0.329750,-0.335667,0.125391,-0.023863,0.002265,0.049651
0.344320,-0.370033,0.116792,-0.016806,0.008045,0.057125
0.354473,-0.391722,0.115008,-0.013689,0.016351,0.046675
0.362524,-0.400186,0.120945,-0.015075,0.022614,0.024065
0.370389,-0.397205,0.131722,-0.017218,0.025629,-0.003703
0.378024,-0.386003,0.141737,-0.016247,0.025938,-0.029765
0.384646,-0.370656,0.146519,-0.011532,0.025331,-0.050691
0.389510,-0.354508,0.146586,-0.004991,0.025941,-0.067012
0.392238,-0.338797,0.145836,0.001429,0.028149,-0.080334
0.392710,-0.323508,0.146553,0.006632,0.030300,-0.092246
0.392014,-0.309307,0.148079,0.009499,0.030513,-0.102579
0.392910,-0.297159,0.149296,0.009003,0.028818,-0.105795
0.395943,-0.288446,0.151398,0.005486,0.026198,-0.094448
0.399178,-0.285490,0.156704,0.000802,0.021634,-0.067172
0.402084,-0.289498,0.164220,-0.002770,0.013356,-0.030853
0.404421,-0.298275,0.168890,-0.004293,0.002080,0.003259
0.405079,-0.306984,0.166063,-0.005146,-0.009122,0.025444
0.402838,-0.312095,0.156239,-0.007903,-0.017463,0.032411
0.397560,-0.314160,0.144717,-0.014037,-0.022239,0.027259
0.391528,-0.316340,0.136442,-0.022213,-0.024105,0.014183
0.387255,-0.320521,0.132057,-0.029523,-0.023783,-0.004532
0.385514,-0.325790,0.129371,-0.034141,-0.021811,-0.026214
0.386258,-0.330748,0.126771,-0.035450,-0.018094,-0.046618
0.389706,-0.334045,0.123232,-0.032120,-0.011305,-0.061999
0.395320,-0.334523,0.117615,-0.021961,-0.000650,-0.070106
0.400171,-0.333360,0.109929,-0.005013,0.011898,-0.069687
0.401119,-0.331814,0.102037,0.014744,0.022745,-0.061522
0.397552,-0.329480,0.097280,0.031906,0.029293,-0.049252
0.390773,-0.326974,0.098910,0.042262,0.030616,-0.036855
0.383225,-0.325540,0.107149,0.043630,0.026629,-0.026368
0.377879,-0.325009,0.118556,0.036330,0.018213,-0.018744
0.376241,-0.324167,0.129136,0.023156,0.007598,-0.014142
0.377442,-0.321705,0.137027,0.008568,-0.002629,-0.010848
0.379298,-0.316759,0.142404,-0.002819,-0.010779,-0.006320
0.379891,-0.309895,0.145976,-0.007913,-0.016648,0.000333
0.379256,-0.303450,0.147792,-0.005798,-0.020857,0.007813
0.379206,-0.300042,0.147434,0.002591,-0.023615,0.013725
0.380885,-0.300451,0.145053,0.014336,-0.024803,0.015620
-,-,-,-,-,-
0.007313,-0.005817,0.002432,0.000283,-0.000397,-0.000318
0.041957,-0.033571,0.013938,0.001621,-0.002215,-0.001971
0.115679,-0.092900,0.038364,0.004341,-0.005765,-0.005852
0.212847,-0.171045,0.070618,0.007170,-0.009833,-0.011001
0.305232,-0.244828,0.101482,0.007650,-0.013299,-0.014030
0.372730,-0.298486,0.124241,0.003688,-0.016219,-0.010781
0.408831,-0.328501,0.137636,-0.005165,-0.019042,0.000553
0.418130,-0.340153,0.145447,-0.016843,-0.022162,0.017026
0.411737,-0.341735,0.151963,-0.026922,-0.025772,0.031869
0.400838,-0.339156,0.157529,-0.031299,-0.029069,0.038768
0.391389,-0.333406,0.159628,-0.029524,-0.030627,0.036170
0.384912,-0.323254,0.157355,-0.024672,-0.029915,0.028137
0.381482,-0.308944,0.153400,-0.019729,-0.027462,0.020999
0.380077,-0.292186,0.151635,-0.015285,-0.024480,0.019716
0.379059,-0.276023,0.153089,-0.011159,-0.023008,0.027100
0.378424,-0.266066,0.155566,-0.008213,-0.024671,0.043640
0.379673,-0.268583,0.156706,-0.007905,-0.028895,0.066274
0.382971,-0.286134,0.155540,-0.011442,-0.033694,0.088358
0.387505,-0.315811,0.151912,-0.019011,-0.037578,0.103078
0.393164,-0.350801,0.146289,-0.029136,-0.039330,0.106865
0.399143,-0.383050,0.139967,-0.039167,-0.037737,0.099608
0.403775,-0.406092,0.134171,-0.045957,-0.032571,0.083507
0.405875,-0.416475,0.129443,-0.046653,-0.024408,0.062062
0.404487,-0.413400,0.126728,-0.040274,-0.014434,0.039684
0.399191,-0.398775,0.127622,-0.028493,-0.004957,0.020575
0.391063,-0.376909,0.131994,-0.014524,0.001593,0.006646
0.381983,-0.352267,0.136934,-0.001602,0.004274,-0.001993
0.373361,-0.328174,0.139843,0.007846,0.003874,-0.005061
0.366038,-0.307626,0.141054,0.012439,0.001801,-0.002217
0.360850,-0.293598,0.142396,0.011680,-0.001193,0.005937
0.358925,-0.288286,0.144438,0.006173,-0.004714,0.017273
0.360977,-0.291900,0.146361,-0.001877,-0.007613,0.028264
0.365707,-0.301514,0.147594,-0.009593,-0.008552,0.035815
0.369911,-0.312172,0.148201,-0.015441,-0.007772,0.039404
0.371658,-0.320473,0.148435,-0.019465,-0.007160,0.040901
0.371803,-0.325965,0.148117,-0.021901,-0.007978,0.042726
0.371538,-0.329449,0.146508,-0.022572,-0.009608,0.046353
0.370875,-0.331784,0.143068,-0.021289,-0.010683,0.051531
0.369170,-0.333658,0.138144,-0.018900,-0.010643,0.057190
0.366132,-0.336461,0.133237,-0.017473,-0.010540,0.062747
0.363333,-0.342393,0.130054,-0.018126,-0.011633,0.067438
0.362896,-0.351976,0.129057,-0.019643,-0.013455,0.070167
0.364707,-0.363158,0.129661,-0.019819,-0.014573,0.070359
0.367502,-0.373821,0.131460,-0.017099,-0.014504,0.067886
0.371199,-0.383973,0.134333,-0.011151,-0.013825,0.062647
0.376206,-0.394785,0.137735,-0.002359,-0.012324,0.053382
0.380809,-0.404750,0.140803,0.008518,-0.008446,0.037272
0.381207,-0.408725,0.142909,0.019281,-0.002394,0.013659
0.376430,-0.403129,0.143656,0.026655,0.002771,-0.012866
0.369713,-0.388600,0.143341,0.028900,0.005238,-0.035179
0.363016,-0.367802,0.143388,0.026100,0.005500,-0.047624
0.356455,-0.345189,0.144781,0.018530,0.003316,-0.048016
0.352283,-0.326999,0.146896,0.007071,-0.001589,-0.038107
0.353302,-0.318801,0.148749,-0.005525,-0.007468,-0.022410
0.359745,-0.322585,0.149879,-0.015068,-0.011576,-0.006298
0.369429,-0.335412,0.150027,-0.017900,-0.011602,0.006156
0.378490,-0.350884,0.149171,-0.013078,-0.006744,0.014124
0.383142,-0.362846,0.147254,-0.002956,0.001593,0.019488
0.381463,-0.367357,0.143956,0.008472,0.011033,0.023113
0.373077,-0.362194,0.139989,0.017084,0.018711,0.023714
0.360645,-0.348940,0.137002,0.019491,0.021057,0.021419
0.350550,-0.334090,0.135677,0.014879,0.017168,0.019034
0.346835,-0.323970,0.136142,0.005507,0.010196,0.019398
0.348012,-0.320993,0.138838,-0.005445,0.003074,0.023050
0.351802,-0.324797,0.143165,-0.015384,-0.003116,0.028002
0.357136,-0.333192,0.147023,-0.022454,-0.007187,0.031608
0.362132,-0.342313,0.148827,-0.026041,-0.008217,0.032637
0.364887,-0.348570,0.148764,-0.026914,-0.006963,0.031609
0.365509,-0.350858,0.147524,-0.026154,-0.004924,0.029932
0.365108,-0.350109,0.145624,-0.024185,-0.002673,0.029012
0.363942,-0.347792,0.144595,-0.020980,-0.000274,0.029602
0.362173,-0.345502,0.146538,-0.016659,0.001487,0.031348
0.361024,-0.344649,0.151502,-0.011542,0.001704,0.032795
0.361568,-0.345586,0.156892,-0.006090,0.000608,0.032433
0.363498,-0.347355,0.159984,-0.000928,-0.000749,0.029900
0.365706,-0.348665,0.159976,0.003424,-0.001530,0.026114
0.367049,-0.348948,0.157569,0.006802,-0.001465,0.022333
0.366576,-0.348542,0.153500,0.009293,-0.000504,0.018647
0.363793,-0.347984,0.148019,0.010851,0.001365,0.013800
0.358889,-0.347017,0.141651,0.010836,0.003746,0.007533
0.352521,-0.345130,0.135967,0.007971,0.005593,0.002413
0.345891,-0.343397,0.132980,0.001279,0.005334,0.001864
0.341267,-0.344439,0.133564,-0.008690,0.001930,0.006616
0.340833,-0.350044,0.136786,-0.019589,-0.003645,0.013959
0.344624,-0.359430,0.140672,-0.028198,-0.008919,0.020104
0.350539,-0.369379,0.143332,-0.031978,-0.011801,0.022791
0.355887,-0.375908,0.143670,-0.030360,-0.011447,0.022435
0.358627,-0.376804,0.141586,-0.024962,-0.008261,0.021620
0.358178,-0.373495,0.138401,-0.018689,-0.003712,0.022614
0.355755,-0.370186,0.136966,-0.014119,0.000506,0.024352
0.353641,-0.370020,0.139725,-0.012179,0.003483,0.023199
0.353873,-0.372792,0.146211,-0.012205,0.005094,0.017320
0.357288,-0.376769,0.153526,-0.012727,0.005597,0.008511
0.363041,-0.380401,0.159014,-0.012137,0.005708,0.000048
0.369007,-0.382453,0.161725,-0.009449,0.006364,-0.005651
0.373280,-0.382499,0.162444,-0.004745,0.008100,-0.008258
0.375144,-0.381013,0.162956,0.000943,0.010827,-0.009161
0.374663,-0.378382,0.164212,0.005853,0.014037,-0.009962
0.371739,-0.373962,0.165235,0.007627,0.017101,-0.011783
0.366153,-0.367014,0.164471,0.004063,0.018859,-0.014929
0.359492,-0.358728,0.161618,-0.004889,0.017924,-0.018490
0.354738,-0.351581,0.157667,-0.016146,0.014717,-0.020869
0.352649,-0.346994,0.153653,-0.025610,0.011366,-0.020913
0.351773,-0.344652,0.149814,-0.030860,0.009450,-0.018321
0.351011,-0.343592,0.146241,-0.031678,0.009563,-0.013294
0.349687,-0.343311,0.144087,-0.029098,0.011587,-0.006585
0.347387,-0.344045,0.144839,-0.024603,0.014309,0.000154
0.344605,-0.346328,0.147989,-0.019897,0.016108,0.005115
0.341848,-0.349638,0.151027,-0.016903,0.016174,0.007262
0.338764,-0.352132,0.152072,-0.017260,0.014212,0.006097
0.335822,-0.352695,0.150855,-0.021147,0.010060,0.001752
0.334831,-0.351934,0.147614,-0.026670,0.004926,-0.004293
0.336152,-0.350677,0.142982,-0.031146,0.001218,-0.009519
0.338173,-0.349028,0.138388,-0.033051,0.000209,-0.011541
0.339819,-0.347343,0.135328,-0.032381,0.001518,-0.009251
0.341176,-0.346722,0.134917,-0.029678,0.004340,-0.003600
0.342730,-0.348120,0.138227,-0.025501,0.007607,0.002666
0.345181,-0.352171,0.145593,-0.020462,0.009803,0.006642
0.348859,-0.358918,0.155137,-0.015543,0.009942,0.007100
0.352917,-0.366034,0.162449,-0.012518,0.008561,0.004720
0.355684,-0.369853,0.163305,-0.013021,0.006811,0.001177
0.356668,-0.368873,0.157937,-0.017024,0.005249,-0.001441
0.356986,-0.364187,0.150657,-0.022778,0.004593,-0.001466
0.356880,-0.357839,0.145366,-0.028089,0.005602,0.001354
0.356025,-0.352005,0.143344,-0.031678,0.007830,0.006173
0.355329,-0.348397,0.144379,-0.033299,0.010467,0.012006
0.355140,-0.347689,0.148260,-0.032931,0.012920,0.018017
0.354722,-0.350103,0.154264,-0.030254,0.014110,0.022562
-,-,-,-,-,-
0.006283,-0.006175,0.002768,-0.000095,0.000447,-0.000219
-,-,-,-,-,-
-0.002667,-0.007991,-0.001350,-0.000282,0.000135,0.000308
-0.015292,-0.045996,-0.007824,-0.001834,0.000471,0.001599
-0.041786,-0.127432,-0.022019,-0.005890,0.000323,0.003794
-0.075253,-0.236730,-0.041953,-0.012702,-0.001105,0.005913
-0.104198,-0.345129,-0.063056,-0.020813,-0.002849,0.007656
-0.122096,-0.431093,-0.080874,-0.027650,-0.002233,0.009536
-0.130091,-0.485606,-0.092272,-0.031152,0.002405,0.011473
-0.133469,-0.510814,-0.096195,-0.030878,0.009464,0.011883
-0.136060,-0.514755,-0.094044,-0.028064,0.015535,0.008383
-0.137711,-0.506364,-0.089379,-0.024780,0.018713,0.000773
-0.136476,-0.493787,-0.085613,-0.021957,0.019846,-0.007761
-0.132425,-0.482236,-0.083556,-0.018842,0.021358,-0.013752
-0.128668,-0.472692,-0.081675,-0.015125,0.024710,-0.015772
-0.128836,-0.464775,-0.078222,-0.012103,0.028600,-0.014539
-0.133805,-0.458857,-0.072937,-0.011502,0.030044,-0.012860
-0.140446,-0.455561,-0.067341,-0.013991,0.027124,-0.013106
-0.144134,-0.455747,-0.063712,-0.018402,0.020934,-0.014092
-0.143364,-0.460064,-0.063235,-0.022131,0.014795,-0.013015
-0.141055,-0.467251,-0.064759,-0.022993,0.011281,-0.009236
-0.141073,-0.474494,-0.065836,-0.020847,0.010119,-0.003998
-0.144638,-0.480131,-0.065514,-0.017365,0.008582,0.000913
-0.149450,-0.484236,-0.065135,-0.014873,0.003694,0.002399
-0.151048,-0.487433,-0.066194,-0.015181,-0.004980,-0.002315
-0.146267,-0.491445,-0.069001,-0.017002,-0.013870,-0.010920
-0.136495,-0.496444,-0.073177,-0.014784,-0.017608,-0.017231
-0.127146,-0.495820,-0.077188,-0.005351,-0.014260,-0.017865
-0.123490,-0.483445,-0.078503,0.005540,-0.008411,-0.013266
-0.125811,-0.465098,-0.076701,0.009266,-0.007290,-0.006352
-0.128129,-0.451691,-0.074603,0.003683,-0.013040,-0.001531
-0.124434,-0.447352,-0.075100,-0.007412,-0.020373,-0.000132
-0.116301,-0.450476,-0.078653,-0.019692,-0.022737,-0.000271
-0.110752,-0.458699,-0.083561,-0.030620,-0.019128,-0.001392
-0.111717,-0.469894,-0.087766,-0.038755,-0.013630,-0.004505
-0.116891,-0.481666,-0.090550,-0.042856,-0.009665,-0.009635
-0.122055,-0.491258,-0.092357,-0.042229,-0.006905,-0.014932
-0.125814,-0.496321,-0.093367,-0.037599,-0.003759,-0.018205
-0.129138,-0.495980,-0.093137,-0.031072,-0.000282,-0.018785
-0.132498,-0.491337,-0.091425,-0.024988,0.002535,-0.017133
-0.135665,-0.484797,-0.088498,-0.020816,0.004527,-0.014053
-0.137680,-0.479025,-0.084996,-0.018531,0.006623,-0.010236
-0.136798,-0.475143,-0.081896,-0.016749,0.009387,-0.004641
-0.133988,-0.471125,-0.079525,-0.014881,0.011375,0.003618
-0.133144,-0.465762,-0.077282,-0.014734,0.010653,0.011038
-0.135723,-0.462231,-0.075074,-0.018086,0.006801,0.013136
-0.139237,-0.463849,-0.073618,-0.023935,0.000600,0.010238
-0.140962,-0.470599,-0.073331,-0.029478,-0.005982,0.005645
-0.140732,-0.480664,-0.073879,-0.032405,-0.010786,0.001666
-0.139552,-0.491646,-0.074907,-0.031633,-0.013516,-0.001232
-0.137044,-0.500544,-0.076569,-0.027130,-0.014988,-0.003441
-0.132500,-0.504513,-0.078810,-0.020055,-0.015061,-0.004980
-0.127411,-0.502550,-0.080654,-0.012568,-0.013202,-0.005539
-0.124559,-0.495904,-0.080708,-0.006869,-0.010324,-0.005711
-0.124843,-0.486457,-0.078489,-0.004557,-0.008356,-0.006849
-0.126646,-0.476538,-0.074998,-0.006199,-0.008307,-0.008924
-0.128117,-0.469296,-0.071799,-0.010569,-0.009601,-0.010457
-0.128704,-0.466149,-0.069923,-0.015353,-0.010980,-0.010700
-0.128890,-0.465875,-0.069647,-0.019375,-0.011894,-0.010290
-0.129434,-0.467592,-0.070806,-0.023111,-0.013329,-0.010820
-0.130208,-0.471800,-0.073002,-0.026834,-0.016736,-0.013805
-0.129867,-0.477830,-0.075594,-0.029476,-0.021505,-0.018868
-0.128049,-0.482764,-0.077497,-0.029758,-0.024682,-0.023727
-0.126983,-0.484496,-0.077404,-0.027473,-0.024350,-0.026436
-0.128586,-0.482991,-0.074993,-0.023395,-0.021880,-0.027120
-0.131125,-0.478157,-0.071659,-0.019062,-0.019656,-0.026848
-0.131313,-0.470513,-0.069481,-0.016322,-0.017938,-0.025561
-0.128521,-0.462465,-0.069509,-0.016196,-0.015172,-0.022269
-0.125292,-0.456710,-0.071104,-0.018616,-0.010579,-0.016589
-0.124439,-0.455008,-0.072981,-0.023042,-0.005428,-0.009512
-0.126384,-0.458335,-0.074584,-0.028374,-0.001737,-0.002695
-0.129423,-0.466550,-0.076093,-0.032485,-0.000205,0.002746
-0.132012,-0.477193,-0.077570,-0.033193,-0.000039,0.006903
-0.133950,-0.486534,-0.078791,-0.030046,-0.000593,0.010802
-0.135421,-0.492652,-0.079562,-0.024176,-0.001987,0.014940
-0.136113,-0.494840,-0.079410,-0.017160,-0.003883,0.018598
-0.136234,-0.492136,-0.077666,-0.011154,-0.005114,0.020769
-0.137309,-0.485903,-0.074519,-0.008396,-0.005452,0.021721
-0.140548,-0.480789,-0.071380,-0.008988,-0.006646,0.023411
-0.144884,-0.480444,-0.069932,-0.010247,-0.010464,0.027603
-0.148045,-0.484320,-0.070851,-0.008975,-0.016708,0.035105
-0.149065,-0.489552,-0.073500,-0.003775,-0.024098,0.045984
-0.148265,-0.493513,-0.076615,0.004622,-0.031794,0.058355
-0.146920,-0.494031,-0.079034,0.014163,-0.039608,0.068102
-0.148098,-0.490079,-0.079450,0.022862,-0.047867,0.071966
-0.153761,-0.483061,-0.076536,0.030027,-0.056427,0.072610
-0.161142,-0.475589,-0.071097,0.035571,-0.064223,0.076751
-0.165432,-0.469308,-0.065918,0.039367,-0.070855,0.086708
-0.164858,-0.463861,-0.062952,0.042290,-0.077373,0.100027
-0.161882,-0.456170,-0.061612,0.044941,-0.084524,0.113674
-0.160159,-0.442055,-0.058836,0.043803,-0.090893,0.122685
-0.161363,-0.422163,-0.053103,0.032048,-0.095295,0.123245
-0.164382,-0.405063,-0.047715,0.006154,-0.099113,0.115459
-0.166471,-0.400536,-0.046970,-0.028931,-0.102963,0.100350
-0.166427,-0.409439,-0.050674,-0.062359,-0.104585,0.082279
-0.166145,-0.422518,-0.054147,-0.086965,-0.102394,0.067859
-0.166516,-0.430873,-0.054314,-0.103942,-0.098298,0.059526
-0.163366,-0.431740,-0.053993,-0.117285,-0.094118,0.054844
-0.152264,-0.422741,-0.057060,-0.129828,-0.086752,0.049929
-0.136379,-0.400812,-0.062629,-0.145744,-0.070635,0.043375
-0.124304,-0.368704,-0.067652,-0.170771,-0.045298,0.036182
-0.118389,-0.334206,-0.072578,-0.207557,-0.016912,0.026735
-0.108678,-0.299511,-0.080679,-0.254443,0.010469,0.012668
-0.086210,-0.261023,-0.092337,-0.310985,0.040843,-0.000200
-0.059950,-0.227604,-0.104226,-0.378984,0.079605,-0.000629
-0.049840,-0.226574,-0.113177,-0.453024,0.124313,0.015055
-0.066631,-0.279820,-0.117634,-0.515727,0.164621,0.037016
-0.105459,-0.381444,-0.117594,-0.547713,0.189998,0.050341
-0.154152,-0.504772,-0.114659,-0.539098,0.195058,0.048372
-0.201159,-0.622254,-0.111489,-0.490865,0.178983,0.031648
-0.236015,-0.712687,-0.110466,-0.410837,0.144963,0.001453
-0.249888,-0.760797,-0.112395,-0.311002,0.100972,-0.035941
-0.241091,-0.761335,-0.116645,-0.205455,0.057955,-0.069075
-0.217239,-0.720002,-0.122072,-0.107825,0.024292,-0.089779
-0.188614,-0.647849,-0.127742,-0.029655,0.001772,-0.097087
-0.160389,-0.557356,-0.133981,0.020589,-0.011585,-0.093935
-0.133341,-0.462720,-0.141847,0.038718,-0.016369,-0.081793
-0.110348,-0.381260,-0.150553,0.025876,-0.011549,-0.060422
-0.098495,-0.330207,-0.157718,-0.010874,0.001404,-0.032402
-0.103589,-0.318850,-0.161923,-0.059433,0.017224,-0.005989
-0.123348,-0.344612,-0.163849,-0.105931,0.030737,0.009485
-0.147830,-0.395747,-0.165761,-0.138715,0.039406,0.013070
-0.167590,-0.456456,-0.169056,-0.151186,0.042808,0.011037
-0.179667,-0.512587,-0.173030,-0.142845,0.041768,0.007180
-0.185239,-0.554922,-0.176545,-0.117905,0.037152,0.001276
-0.184993,-0.578336,-0.179330,-0.082764,0.029501,-0.006814
-0.178109,-0.581126,-0.182090,-0.044398,0.020209,-0.015954
-0.163916,-0.565469,-0.186002,-0.009183,0.012498,-0.024683
-0.143890,-0.536151,-0.191660,0.018215,0.010678,-0.032137
-0.122358,-0.498867,-0.198686,0.034988,0.017182,-0.037597
-,-,-,-,-,-
-0.003184,-0.006177,-0.003601,-0.000708,0.003375,-0.003649
-0.018612,-0.035659,-0.019822,-0.004868,0.018328,-0.017438
-0.052862,-0.099674,-0.051506,-0.016397,0.046510,-0.037677
-0.101155,-0.188831,-0.088201,-0.036904,0.076146,-0.052296
-0.150098,-0.284094,-0.118349,-0.063389,0.093660,-0.057955
-0.184177,-0.369011,-0.139135,-0.089510,0.095090,-0.058716
-0.194487,-0.434350,-0.152786,-0.108724,0.086513,-0.054614
-0.186535,-0.480937,-0.160793,-0.115902,0.077152,-0.042736
-0.174805,-0.513729,-0.163280,-0.108041,0.071136,-0.025316
-0.168809,-0.533958,-0.161241,-0.085861,0.066349,-0.010382
-0.167290,-0.540255,-0.157668,-0.054082,0.059901,-0.004268
-0.164208,-0.531981,-0.155966,-0.019913,0.051812,-0.005483
-0.156818,-0.511226,-0.157247,0.009009,0.044228,-0.007851
-0.147120,-0.483645,-0.159288,0.027398,0.039956,-0.009508
-0.136715,-0.455608,-0.158613,0.034289,0.041877,-0.011889
-0.125442,-0.431129,-0.154333,0.032526,0.049907,-0.011367
-0.116968,-0.411367,-0.148442,0.025292,0.058192,-0.003958
-0.116979,-0.397866,-0.143215,0.013575,0.060674,0.005632
-0.125499,-0.392948,-0.140346,-0.001796,0.056751,0.010291
-0.137355,-0.395855,-0.140886,-0.018534,0.048430,0.008710
-0.146479,-0.404051,-0.145226,-0.034195,0.037919,0.003678
-0.148536,-0.415801,-0.153017,-0.046797,0.028840,-0.001148
-0.143687,-0.429374,-0.162574,-0.054892,0.025288,-0.003270
-0.136679,-0.443530,-0.171186,-0.057978,0.028459,-0.001994
-0.132487,-0.459230,-0.176445,-0.055566,0.036104,0.002625
-0.133248,-0.477529,-0.177295,-0.046263,0.045265,0.009884
-0.138916,-0.495618,-0.174199,-0.029461,0.053280,0.018238
-0.147126,-0.508399,-0.168969,-0.007634,0.057092,0.025684
-0.151590,-0.513529,-0.165083,0.014344,0.054700,0.029745
-0.143583,-0.513469,-0.167198,0.032443,0.048836,0.028679
-0.118446,-0.513907,-0.178292,0.046091,0.048684,0.022502
-0.081884,-0.519477,-0.196306,0.057785,0.064533,0.011822
-0.046284,-0.530687,-0.215228,0.070737,0.097942,0.000542
-0.020306,-0.545525,-0.230329,0.087127,0.140721,-0.005235
-0.006863,-0.559954,-0.239757,0.106669,0.185886,-0.007711
-0.007732,-0.569099,-0.242200,0.126206,0.232769,-0.014517
-0.024322,-0.573946,-0.236364,0.142335,0.279956,-0.029131
-0.054382,-0.582471,-0.223196,0.154879,0.321190,-0.053527
-0.089792,-0.602063,-0.207276,0.168292,0.350196,-0.088167
-0.120833,-0.633489,-0.193866,0.189886,0.365877,-0.129912
-0.142382,-0.668528,-0.185391,0.225431,0.371871,-0.173464
-0.154815,-0.692235,-0.181557,0.274837,0.372275,-0.211625
-0.160815,-0.692159,-0.181187,0.331418,0.368370,-0.240461
-0.161026,-0.665820,-0.183329,0.385458,0.359577,-0.263099
-0.153486,-0.620520,-0.185551,0.427301,0.345576,-0.283404
-0.136612,-0.571532,-0.183646,0.451122,0.329721,-0.299164
-0.113916,-0.534310,-0.176501,0.460915,0.322925,-0.306390
-0.099315,-0.510830,-0.165952,0.465122,0.331308,-0.310131
-0.105125,-0.493657,-0.152769,0.464540,0.341143,-0.321300
-0.122030,-0.482556,-0.138765,0.456495,0.334100,-0.342037
-0.128678,-0.482629,-0.127312,0.446103,0.310702,-0.362914
-0.118042,-0.490712,-0.119264,0.443121,0.285849,-0.373021
-0.100626,-0.494483,-0.112597,0.450495,0.268691,-0.369165
-0.086925,-0.484218,-0.105121,0.461033,0.256548,-0.355579
-0.078527,-0.462289,-0.095734,0.464837,0.244245,-0.337308
-0.073376,-0.440157,-0.084657,0.457833,0.230272,-0.317819
-0.069456,-0.427152,-0.073570,0.443196,0.215202,-0.300326
-0.064390,-0.424349,-0.064176,0.426482,0.200362,-0.286192
-0.056952,-0.428581,-0.056833,0.410869,0.187114,-0.274612
-0.046869,-0.438390,-0.052410,0.396972,0.174921,-0.266433
-0.030421,-0.453741,-0.053864,0.385386,0.164105,-0.264511
-0.002854,-0.472715,-0.062194,0.377925,0.162606,-0.268847
0.028858,-0.491521,-0.070718,0.376813,0.182185,-0.273653
0.043959,-0.506660,-0.068269,0.382913,0.222128,-0.272138
0.028291,-0.515893,-0.050512,0.394416,0.262370,-0.263708
-0.007308,-0.517761,-0.025588,0.407992,0.278744,-0.251138
-0.034795,-0.512933,-0.006868,0.421921,0.264941,-0.232618
-0.033379,-0.504030,-0.000866,0.437777,0.238940,-0.204157
-0.007266,-0.487365,-0.003365,0.455960,0.226359,-0.167902
0.018756,-0.454710,-0.004693,0.467678,0.235010,-0.132459
0.025397,-0.415909,0.001098,0.458020,0.248689,-0.106908
0.019372,-0.402873,0.009493,0.422499,0.249754,-0.099745
0.020916,-0.434367,0.011957,0.375879,0.241171,-0.117718
0.036516,-0.493170,0.007622,0.340372,0.239637,-0.155829
0.052904,-0.547405,0.003785,0.328693,0.254758,-0.196426
0.052148,-0.577286,0.009199,0.340166,0.280000,-0.222386
0.026917,-0.578739,0.028391,0.366816,0.297755,-0.225592
-0.014613,-0.556461,0.058829,0.399083,0.291174,-0.208017
-0.052973,-0.520960,0.091233,0.428954,0.253318,-0.175045
-0.065645,-0.486639,0.113447,0.453161,0.191990,-0.128974
-0.041715,-0.459422,0.119698,0.473028,0.131199,-0.075025
0.003950,-0.430613,0.115906,0.484982,0.095171,-0.023874
0.042146,-0.398489,0.112955,0.477448,0.085615,0.015526
0.057337,-0.381783,0.116795,0.446584,0.087126,0.039009
0.052714,-0.395865,0.126315,0.406013,0.089405,0.046148
0.034941,-0.430711,0.139094,0.373849,0.090760,0.039254
0.009261,-0.462610,0.153930,0.356804,0.087710,0.023699
-0.015051,-0.478038,0.169043,0.350673,0.074711,0.008310
-0.027632,-0.476512,0.183188,0.350601,0.053099,0.000514
-0.027106,-0.459079,0.196835,0.353519,0.031242,0.003158
-0.022676,-0.430332,0.210490,0.354059,0.013776,0.017238
-0.022748,-0.403882,0.222392,0.347024,-0.004084,0.039710
-0.023244,-0.391709,0.228865,0.333239,-0.028330,0.062285
-0.013617,-0.393421,0.228314,0.318611,-0.055134,0.080319
0.005206,-0.400756,0.224056,0.307689,-0.073965,0.096935
0.018802,-0.407371,0.221490,0.299529,-0.081186,0.113976
0.016323,-0.412183,0.223645,0.289915,-0.084070,0.125775
0.000714,-0.416113,0.230015,0.276570,-0.090900,0.125831
-0.019337,-0.418795,0.238691,0.260923,-0.103233,0.115346
-0.040418,-0.419425,0.248610,0.245617,-0.120215,0.102324
-0.063284,-0.419515,0.258640,0.233000,-0.146096,0.094862
-0.083712,-0.421429,0.266262,0.226037,-0.188032,0.096578
-0.091924,-0.422476,0.268910,0.227564,-0.245169,0.106803
-0.084150,-0.415851,0.268084,0.238269,-0.305044,0.125303
-0.068639,-0.396868,0.270375,0.254584,-0.352945,0.151594
-0.057716,-0.364671,0.280556,0.266287,-0.383017,0.180245
-0.057146,-0.325445,0.294450,0.260566,-0.402567,0.205522
-0.061476,-0.293229,0.302151,0.232683,-0.423999,0.225626
-0.060530,-0.279971,0.299455,0.190910,-0.449779,0.240205
-0.053666,-0.286611,0.291474,0.149867,-0.471411,0.249185
-0.051399,-0.301526,0.286124,0.117258,-0.485951,0.249576
-0.057630,-0.303980,0.287315,0.085169,-0.502465,0.232932
-0.060675,-0.277798,0.291821,0.036063,-0.525651,0.197025
-0.053701,-0.226838,0.293926,-0.041258,-0.547791,0.157891
-0.047489,-0.168564,0.290765,-0.141940,-0.565524,0.138978
-0.049074,-0.112781,0.280962,-0.251600,-0.586807,0.151801
-0.051174,-0.060078,0.264659,-0.360845,-0.614346,0.192785
-0.049646,-0.020950,0.245202,-0.468547,-0.641156,0.256666
-0.047903,-0.020727,0.223505,-0.572652,-0.666567,0.338670
-0.038743,-0.077452,0.191338,-0.663768,-0.697265,0.423036
0.001160,-0.182048,0.138985,-0.727934,-0.725187,0.493577
0.083059,-0.306556,0.069992,-0.754747,-0.719418,0.551327
0.179709,-0.423070,0.002686,-0.744033,-0.652186,0.602732
0.244050,-0.510591,-0.041167,-0.707518,-0.527650,0.642003
0.248839,-0.559080,-0.049032,-0.663761,-0.378910,0.656757
0.200849,-0.570572,-0.023856,-0.627275,-0.243348,0.639471
0.128409,-0.545359,0.019122,-0.604920,-0.145323,0.590846
0.060965,-0.478129,0.061522,-0.603856,-0.092770,0.524720
-,-,-,-,-,-
-0.000912,-0.005115,0.002360,-0.016116,-0.002874,0.012584
-,-,-,-,-,-
0.002428,-0.009346,0.003279,-0.000811,-0.000409,-0.000119
0.013498,-0.053413,0.019354,-0.004434,-0.002532,-0.000382
0.035757,-0.146944,0.054952,-0.011481,-0.007907,-0.000002
0.063513,-0.270813,0.103340,-0.019477,-0.017362,0.001576
0.090349,-0.390623,0.148951,-0.025046,-0.030292,0.001856
0.114632,-0.481181,0.179416,-0.026163,-0.043170,-0.003792
0.136834,-0.534177,0.191635,-0.022444,-0.049619,-0.017425
0.155618,-0.555703,0.189834,-0.014278,-0.044329,-0.036849
0.168247,-0.557821,0.180468,-0.001995,-0.027051,-0.059227
0.175135,-0.550304,0.168539,0.013843,-0.001074,-0.084943
0.180261,-0.537226,0.157498,0.032117,0.031584,-0.113258
0.184968,-0.520229,0.150194,0.050951,0.070495,-0.137728
0.185222,-0.502467,0.148860,0.067121,0.112647,-0.153975
0.176112,-0.488192,0.154445,0.077723,0.150849,-0.162892
0.156733,-0.482808,0.164223,0.084254,0.176801,-0.165161
0.132364,-0.490502,0.172862,0.093935,0.185309,-0.165306
0.113565,-0.504131,0.177905,0.114018,0.177775,-0.173790
0.109627,-0.501884,0.181840,0.140944,0.163149,-0.194670
0.119201,-0.466693,0.189437,0.156931,0.150941,-0.212075
0.128782,-0.410601,0.202780,0.143378,0.140825,-0.198327
0.124839,-0.369404,0.217715,0.097898,0.123034,-0.147642
0.107886,-0.370118,0.227260,0.036683,0.089848,-0.090680
0.092153,-0.408954,0.227186,-0.017814,0.044073,-0.063371
0.092603,-0.460528,0.217383,-0.050712,-0.002437,-0.073082
0.112962,-0.501769,0.202270,-0.059136,-0.035050,-0.101279
0.143102,-0.523689,0.189179,-0.048602,-0.044098,-0.126824
0.167007,-0.527886,0.183246,-0.027936,-0.031821,-0.140542
0.175092,-0.519219,0.184608,-0.005065,-0.011216,-0.144841
0.170557,-0.500581,0.190131,0.014839,0.004077,-0.145886
0.164545,-0.473685,0.195967,0.028301,0.009261,-0.147270
0.165499,-0.442731,0.199126,0.031949,0.008630,-0.147448
0.173884,-0.415255,0.199100,0.022894,0.009015,-0.141253
0.184695,-0.400598,0.197202,0.001258,0.014600,-0.126956
0.192912,-0.405471,0.194201,-0.027149,0.025859,-0.110107
0.197914,-0.427923,0.189880,-0.051297,0.041730,-0.099032
0.202827,-0.456205,0.183964,-0.060863,0.062462,-0.099029
0.196962,-0.461191,0.185938,-0.057490,0.085825,-0.120704
0.148401,-0.407994,0.214029,-0.064250,0.091240,-0.163185
0.051757,-0.319960,0.261837,-0.110174,0.040089,-0.188969
-0.038357,-0.276984,0.294775,-0.192418,-0.082493,-0.184194
-0.055501,-0.312703,0.290487,-0.270056,-0.237973,-0.179130
0.018278,-0.386564,0.252913,-0.304007,-0.361181,-0.176906
0.146281,-0.452215,0.200407,-0.285945,-0.404244,-0.148512
0.269012,-0.493561,0.155429,-0.231342,-0.358090,-0.078696
0.337395,-0.510888,0.132418,-0.163780,-0.250551,0.015894
0.333637,-0.507258,0.125559,-0.101822,-0.130742,0.110404
0.275741,-0.486908,0.119616,-0.052525,-0.046092,0.204942
0.203319,-0.459250,0.116972,-0.023078,-0.018186,0.297938
0.150187,-0.444243,0.126175,-0.023961,-0.035420,0.354422
0.125414,-0.461765,0.140203,-0.045083,-0.074234,0.350068
0.120790,-0.505008,0.150907,-0.054970,-0.119145,0.297502
0.124955,-0.537502,0.158998,-0.035615,-0.162694,0.223113
0.126902,-0.528043,0.166885,-0.000810,-0.203772,0.154664
0.118756,-0.479676,0.174775,0.019912,-0.247846,0.110896
0.100266,-0.422380,0.180646,0.008239,-0.303622,0.101499
0.079784,-0.385477,0.181335,-0.034720,-0.375647,0.125067
0.071581,-0.380874,0.173154,-0.098291,-0.456544,0.164256
0.088525,-0.408199,0.154702,-0.166027,-0.526462,0.199208
0.132672,-0.460527,0.130144,-0.216226,-0.562035,0.216546
0.194837,-0.521695,0.104331,-0.230219,-0.548564,0.209252
0.263318,-0.568534,0.079360,-0.200852,-0.483033,0.179854
0.324420,-0.582818,0.060523,-0.136212,-0.369835,0.144274
0.356709,-0.564010,0.056212,-0.057046,-0.223641,0.122431
0.341033,-0.526791,0.069411,0.013893,-0.075339,0.118287
0.281070,-0.485375,0.094291,0.061392,0.037460,0.115568
0.206087,-0.446771,0.120750,0.079336,0.093051,0.097890
0.149272,-0.418623,0.140549,0.069958,0.098038,0.065395
0.125648,-0.412315,0.150422,0.044827,0.078461,0.027444
0.129562,-0.431586,0.151825,0.021515,0.060968,-0.009683
0.146126,-0.464823,0.148806,0.013366,0.059779,-0.042364
0.162585,-0.494228,0.144554,0.022338,0.075381,-0.066213
0.173680,-0.508173,0.139977,0.040520,0.101515,-0.084057
0.181568,-0.504405,0.135888,0.056574,0.132674,-0.107834
0.190467,-0.487953,0.133015,0.063020,0.166349,-0.138557
0.198264,-0.467540,0.131629,0.057962,0.201538,-0.162073
0.194696,-0.452173,0.133360,0.041387,0.234509,-0.170689
0.173137,-0.448382,0.138801,0.014712,0.254923,-0.170498
0.143628,-0.456498,0.144401,-0.016934,0.252157,-0.173703
0.129403,-0.468187,0.145803,-0.046837,0.229602,-0.192352
0.148451,-0.471785,0.142316,-0.071144,0.209618,-0.224849
0.195590,-0.463751,0.136856,-0.088380,0.218948,-0.249658
0.244994,-0.448762,0.133405,-0.096815,0.267767,-0.242545
0.271598,-0.429430,0.135640,-0.097525,0.343267,-0.194050
0.265072,-0.407057,0.145703,-0.098133,0.419978,-0.112262
0.229050,-0.387836,0.160980,-0.108780,0.474033,-0.019931
0.177752,-0.378798,0.174273,-0.136094,0.492547,0.052067
0.126494,-0.388031,0.180081,-0.178910,0.474889,0.085084
0.076858,-0.427805,0.178621,-0.222340,0.425272,0.083514
0.024143,-0.491878,0.173296,-0.243539,0.346335,0.049999
-0.021926,-0.542225,0.168755,-0.234143,0.240741,-0.017657
-0.041343,-0.547226,0.168409,-0.209642,0.116158,-0.096250
-0.022188,-0.515492,0.168470,-0.191811,-0.011073,-0.149364
0.033120,-0.479740,0.161086,-0.188748,-0.117927,-0.162006
0.110236,-0.465601,0.144682,-0.191763,-0.183040,-0.140236
0.186873,-0.478328,0.124675,-0.185971,-0.196281,-0.097562
0.241057,-0.505567,0.108040,-0.163044,-0.163817,-0.049974
0.260053,-0.529172,0.100791,-0.126287,-0.105701,-0.009747
0.243249,-0.538772,0.105217,-0.086428,-0.047972,0.018869
0.201232,-0.535979,0.117990,-0.053997,-0.013176,0.034255
0.153127,-0.528225,0.132792,-0.034189,-0.012314,0.034052
0.119558,-0.522500,0.144008,-0.025881,-0.041021,0.019395
0.113279,-0.523326,0.148188,-0.022689,-0.082496,-0.002289
0.134039,-0.530763,0.144175,-0.015082,-0.116241,-0.021176
0.171112,-0.537598,0.133347,0.004430,-0.126752,-0.033344
0.210028,-0.531271,0.120277,0.035342,-0.108168,-0.040223
0.237601,-0.503292,0.111719,0.068125,-0.065146,-0.040628
0.243013,-0.458774,0.112960,0.089156,-0.009628,-0.036175
0.218449,-0.414681,0.125659,0.088230,0.040570,-0.035943
0.166322,-0.388768,0.145751,0.063872,0.061075,-0.044672
0.107447,-0.390475,0.162412,0.023876,0.034294,-0.063154
0.072648,-0.416141,0.166121,-0.017987,-0.032650,-0.093344
0.081795,-0.451960,0.156034,-0.047868,-0.110512,-0.128084
0.131593,-0.483471,0.137914,-0.057855,-0.164869,-0.152481
0.198310,-0.501195,0.120104,-0.048233,-0.173080,-0.155708
0.250714,-0.502017,0.109069,-0.026143,-0.135397,-0.136894
0.267998,-0.487927,0.107161,-0.002819,-0.073643,-0.105855
0.248528,-0.464206,0.114411,0.010943,-0.018284,-0.074183
0.205214,-0.439645,0.128005,0.009476,0.007038,-0.048147
0.160686,-0.423720,0.141580,-0.006681,-0.003608,-0.031849
0.138034,-0.421725,0.148926,-0.031810,-0.036963,-0.027184
0.144916,-0.433579,0.148241,-0.056203,-0.070604,-0.029390
0.169912,-0.454206,0.142656,-0.070428,-0.087119,-0.031712
0.193134,-0.474710,0.136279,-0.070719,-0.081766,-0.031425
0.199001,-0.485579,0.131323,-0.061592,-0.063721,-0.030169
0.185730,-0.481604,0.129279,-0.054021,-0.053067,-0.032461
0.166287,-0.468109,0.129617,-0.056491,-0.066296,-0.037918
0.159382,-0.457472,0.128239,-0.067183,-0.099999,-0.041865
0.176720,-0.455086,0.121217,-0.078211,-0.132816,-0.041994
-,-,-,-,-,-
0.003398,-0.009653,0.001792,-0.000964,0.000539,0.001850
0.018554,-0.055487,0.010539,-0.004909,0.002425,0.008607
0.048843,-0.151145,0.029892,-0.011827,0.003856,0.017385
0.087207,-0.270833,0.056790,-0.019798,-0.000314,0.021812
0.124223,-0.376220,0.084199,-0.028791,-0.014006,0.021571
0.153934,-0.449152,0.106245,-0.039175,-0.035970,0.018740
0.172548,-0.488946,0.119251,-0.048489,-0.061882,0.011701
0.177934,-0.499368,0.121592,-0.054404,-0.090108,-0.000143
0.175568,-0.489630,0.116113,-0.058224,-0.121020,-0.010996
0.177868,-0.476038,0.108078,-0.061765,-0.149203,-0.014405
0.191091,-0.470473,0.100676,-0.063368,-0.163706,-0.009438
0.208968,-0.472299,0.095967,-0.060276,-0.158372,0.001719
0.219917,-0.474420,0.095408,-0.053082,-0.138290,0.015479
0.217706,-0.472279,0.098612,-0.045971,-0.116494,0.027443
0.206176,-0.467273,0.103726,-0.043337,-0.105072,0.034797
0.195573,-0.465300,0.108793,-0.045993,-0.107241,0.037737
0.194130,-0.471219,0.112309,-0.050343,-0.116499,0.036990
0.202468,-0.483312,0.112104,-0.051566,-0.123462,0.032298
0.216737,-0.495930,0.106722,-0.046934,-0.121530,0.025534
0.232393,-0.504975,0.097754,-0.036298,-0.106831,0.020488
0.242499,-0.507528,0.088951,-0.021682,-0.079345,0.019439
0.238897,-0.501197,0.084602,-0.007260,-0.046179,0.022284
0.218708,-0.486529,0.087562,0.001985,-0.020201,0.026766
0.186517,-0.467687,0.096384,0.003278,-0.014136,0.030427
0.151495,-0.448843,0.104752,-0.002819,-0.035996,0.030991
0.128841,-0.431841,0.106292,-0.014876,-0.083783,0.025878
0.135712,-0.420700,0.099451,-0.031049,-0.139425,0.018912
0.174146,-0.423561,0.086647,-0.046303,-0.174726,0.020154
0.222285,-0.443641,0.072065,-0.053093,-0.171125,0.034103
0.247818,-0.471158,0.061474,-0.047910,-0.135376,0.054377
0.234279,-0.489846,0.059948,-0.036808,-0.095287,0.068543
0.195718,-0.492091,0.066435,-0.030767,-0.078392,0.069028
0.163281,-0.484231,0.073643,-0.035136,-0.092105,0.058545
0.160677,-0.477088,0.074544,-0.045911,-0.120362,0.043830
0.191253,-0.476312,0.067629,-0.054623,-0.136468,0.031196
0.238644,-0.482953,0.057859,-0.054534,-0.120845,0.027799
0.276707,-0.497809,0.052795,-0.043068,-0.072150,0.036932
0.286085,-0.519063,0.056669,-0.021229,-0.006411,0.050671
0.266369,-0.537622,0.068077,0.007037,0.054392,0.056219
0.232106,-0.542205,0.082444,0.035177,0.095326,0.049384
0.198879,-0.530001,0.095557,0.056318,0.113054,0.036310
0.175451,-0.508265,0.104745,0.066833,0.112033,0.023987
0.165644,-0.486444,0.108342,0.067177,0.099870,0.014409
0.171093,-0.471543,0.106218,0.060284,0.085732,0.008265
0.189399,-0.469575,0.100454,0.051227,0.079549,0.007990
0.212459,-0.483771,0.094039,0.047222,0.088982,0.014121
0.229748,-0.509040,0.089482,0.054658,0.115436,0.023365
0.233620,-0.532313,0.088283,0.074396,0.152699,0.030535
0.222828,-0.539723,0.090427,0.099854,0.189663,0.028468
0.203118,-0.524346,0.094771,0.120104,0.215943,0.010999
0.183847,-0.491192,0.099878,0.126046,0.226968,-0.020768
0.172233,-0.454996,0.104470,0.115731,0.225272,-0.058352
0.169740,-0.430100,0.107994,0.094777,0.217684,-0.091673
0.172640,-0.422397,0.110881,0.071678,0.210272,-0.114076
0.175705,-0.429992,0.114156,0.053084,0.204734,-0.123659
0.176256,-0.447509,0.118150,0.042273,0.198957,-0.122632
0.175857,-0.467979,0.121891,0.039587,0.190430,-0.116083
0.178799,-0.483932,0.124693,0.043140,0.179721,-0.109130
0.187279,-0.491795,0.127582,0.050385,0.170768,-0.102391
0.198076,-0.495046,0.132358,0.060542,0.167059,-0.093046
0.206146,-0.499297,0.139878,0.075593,0.168755,-0.080487
0.209255,-0.504956,0.149844,0.097983,0.174487,-0.066665
0.206548,-0.507087,0.160800,0.126078,0.182579,-0.053827
0.197414,-0.501851,0.170083,0.152923,0.188877,-0.044289
0.185303,-0.489792,0.175297,0.170804,0.188334,-0.041475
0.177706,-0.472048,0.175598,0.175447,0.180757,-0.048725
0.179504,-0.447938,0.171806,0.165609,0.171650,-0.065408
0.188548,-0.418439,0.166786,0.141840,0.166554,-0.086344
0.199179,-0.388779,0.164464,0.106962,0.166144,-0.106539
0.208899,-0.365005,0.166561,0.066211,0.167573,-0.124611
0.218833,-0.349185,0.171547,0.025442,0.168952,-0.139650
0.228982,-0.339468,0.177128,-0.011496,0.170361,-0.148543
0.236811,-0.333319,0.181549,-0.043894,0.171243,-0.148727
0.240992,-0.328917,0.182544,-0.073520,0.169136,-0.141445
0.244897,-0.324069,0.176989,-0.103322,0.162129,-0.131582
0.254933,-0.315501,0.162210,-0.136250,0.152325,-0.123398
0.275211,-0.299832,0.137704,-0.174655,0.146409,-0.116051
0.303571,-0.275334,0.106264,-0.219942,0.152526,-0.105023
0.331575,-0.242050,0.073372,-0.272190,0.175946,-0.088625
0.348915,-0.198577,0.044665,-0.331598,0.215866,-0.069581
0.348655,-0.142584,0.023655,-0.401965,0.264526,-0.048183
0.327713,-0.078661,0.011073,-0.489962,0.309950,-0.020065
0.285297,-0.018647,0.006133,-0.598411,0.340913,0.018089
0.222804,0.025108,0.008417,-0.720395,0.350278,0.067289
0.142156,0.033588,0.018708,-0.839236,0.334832,0.128045
0.046656,-0.025775,0.039821,-0.936127,0.294818,0.192557
-0.053159,-0.177297,0.074604,-0.998884,0.234524,0.242583
-0.140260,-0.404527,0.117289,-1.000000,0.159766,0.262347
-0.196922,-0.652866,0.150020,-0.983657,0.076228,0.235789
-0.204686,-0.860989,0.155551,-0.882111,-0.006535,0.152341
-0.151620,-0.983962,0.129870,-0.726049,-0.071890,0.034911
-0.049615,-1.000000,0.081597,-0.550296,-0.101563,-0.069956
0.064599,-0.922372,0.027665,-0.396623,-0.087982,-0.127556
0.147817,-0.771867,-0.012419,-0.298121,-0.042604,-0.128175
0.170704,-0.596152,-0.028037,-0.269489,0.005202,-0.084921
0.134810,-0.438395,-0.025101,-0.305473,0.019376,-0.026339
0.075825,-0.321024,-0.020859,-0.388507,-0.021467,0.020422
0.040489,-0.249159,-0.032160,-0.497824,-0.107291,0.046958
0.053260,-0.224113,-0.066152,-0.612824,-0.203405,0.064111
0.102844,-0.246859,-0.115985,-0.712857,-0.273672,0.086719
0.154510,-0.314578,-0.160658,-0.780026,-0.299182,0.119249
0.173700,-0.422455,-0.177968,-0.801586,-0.285228,0.153573
0.149537,-0.556972,-0.167700,-0.769647,-0.255653,0.174780
0.102571,-0.683807,-0.149743,-0.687628,-0.236875,0.173865
0.064817,-0.769567,-0.139518,-0.574270,-0.242515,0.162457
0.054447,-0.810722,-0.139408,-0.449473,-0.266152,0.159338
0.069080,-0.814348,-0.144643,-0.321326,-0.286159,0.165813
0.088981,-0.770292,-0.146858,-0.196722,-0.285230,0.175626
0.086146,-0.669505,-0.139273,-0.095520,-0.271195,0.191451
0.047321,-0.530494,-0.123804,-0.042420,-0.275021,0.213158
-0.006339,-0.387874,-0.111241,-0.050635,-0.324170,0.227857
-0.030864,-0.273530,-0.115959,-0.116587,-0.416849,0.225565
0.005731,-0.214459,-0.147711,-0.220453,-0.517482,0.211300
0.097849,-0.226634,-0.200987,-0.330368,-0.575235,0.196803
0.201488,-0.305145,-0.253508,-0.414640,-0.556075,0.190788
0.258106,-0.427734,-0.280344,-0.454354,-0.468499,0.194730
0.235136,-0.565375,-0.272735,-0.445855,-0.360756,0.198231
0.153843,-0.683591,-0.243334,-0.396521,-0.286000,0.183093
0.071707,-0.747537,-0.212974,-0.322165,-0.264208,0.145028
0.031367,-0.745478,-0.194914,-0.242372,-0.276516,0.104185
0.030621,-0.697556,-0.189221,-0.171313,-0.291965,0.084366
0.039352,-0.631765,-0.186954,-0.114875,-0.296063,0.092403
0.033726,-0.564734,-0.180272,-0.076156,-0.297332,0.119151
0.014107,-0.506303,-0.170312,-0.057972,-0.312331,0.149926
-0.000447,-0.467618,-0.165234,-0.058625,-0.345873,0.173989
0.007676,-0.457831,-0.170547,-0.068162,-0.383288,0.188365
0.036530,-0.475885,-0.182253,-0.072124,-0.400819,0.195779
0.063827,-0.510964,-0.189767,-0.059956,-0.385323,0.200839
-,-,-,-,-,-
-0.002269,-0.008800,-0.001745,0.001886,-0.006196,0.001110
-0.011812,-0.047835,-0.010462,0.009944,-0.036626,0.007125
-0.028923,-0.123747,-0.029652,0.023349,-0.104321,0.022589
-0.048456,-0.215602,-0.054526,0.032092,-0.198891,0.049852
-0.069234,-0.302746,-0.075642,0.026887,-0.297833,0.086416
-0.092074,-0.376919,-0.088022,0.008336,-0.386241,0.120990
-0.109861,-0.432425,-0.096092,-0.016111,-0.460383,0.140433
-0.108941,-0.467663,-0.110684,-0.039536,-0.519365,0.143480
-0.081246,-0.492313,-0.138969,-0.057313,-0.558044,0.139589
-0.032915,-0.522423,-0.178144,-0.063889,-0.569312,0.136590
0.020096,-0.564622,-0.218738,-0.051588,-0.549691,0.134097
0.059518,-0.608104,-0.248012,-0.015450,-0.501285,0.130484
0.065910,-0.636396,-0.253016,0.040697,-0.435711,0.129234
0.027783,-0.640316,-0.230644,0.104891,-0.378210,0.128119
