-,-,-,-,-,-
-0.001588,-0.004894,-0.007264,-0.000397,-0.000017,-0.000107
-0.009112,-0.028128,-0.041845,-0.002291,-0.000096,-0.000614
-0.025166,-0.077755,-0.115902,-0.006364,-0.000261,-0.001701
-0.046540,-0.143739,-0.214586,-0.011806,-0.000461,-0.003132
-0.067287,-0.207577,-0.310272,-0.017090,-0.000643,-0.004444
-0.083013,-0.255613,-0.382607,-0.021079,-0.000814,-0.005263
-0.092261,-0.282987,-0.424244,-0.023374,-0.000993,-0.005450
-0.095889,-0.292276,-0.438563,-0.024177,-0.001169,-0.005129
-0.095749,-0.289750,-0.434605,-0.023983,-0.001309,-0.004594
-0.093843,-0.281927,-0.422285,-0.023315,-0.001350,-0.004152
-0.091820,-0.273774,-0.409266,-0.022590,-0.001246,-0.004054
-0.090566,-0.267922,-0.399826,-0.022042,-0.001014,-0.004396
-0.090101,-0.264893,-0.395293,-0.021738,-0.000701,-0.005061
-0.090016,-0.264100,-0.394955,-0.021655,-0.000351,-0.005816
-0.090012,-0.264719,-0.396998,-0.021717,-0.000046,-0.006452
-0.090015,-0.266139,-0.399698,-0.021854,0.000067,-0.006802
-0.090067,-0.267818,-0.401933,-0.022027,-0.000053,-0.006715
-0.090286,-0.269160,-0.402975,-0.022192,-0.000316,-0.006241
-0.090629,-0.269795,-0.402746,-0.022328,-0.000627,-0.005704
-0.090809,-0.269808,-0.401940,-0.022431,-0.000830,-0.005442
-0.090641,-0.269541,-0.401323,-0.022456,-0.000816,-0.005604
-0.090188,-0.269162,-0.401242,-0.022360,-0.000584,-0.006123
-0.089639,-0.268640,-0.401590,-0.022196,-0.000178,-0.006793
-0.089113,-0.267957,-0.401995,-0.022057,0.000214,-0.007408
-0.088550,-0.267214,-0.402231,-0.021991,0.000382,-0.007755
-0.087885,-0.266697,-0.402236,-0.022010,0.000291,-0.007608
-0.087168,-0.266695,-0.401909,-0.022079,0.000007,-0.006932
-0.086648,-0.267158,-0.401304,-0.022153,-0.000377,-0.005943
-0.086614,-0.267800,-0.400744,-0.022228,-0.000755,-0.004958
-0.087012,-0.268472,-0.400451,-0.022307,-0.001034,-0.004246
-0.087533,-0.269179,-0.400369,-0.022354,-0.001179,-0.003946
-0.088087,-0.269812,-0.400407,-0.022319,-0.001200,-0.004056
-0.088840,-0.270182,-0.400562,-0.022197,-0.001118,-0.004461
-0.089770,-0.270151,-0.400786,-0.022065,-0.000970,-0.004983
-0.090541,-0.269663,-0.400983,-0.022005,-0.000827,-0.005455
-0.090891,-0.268886,-0.401170,-0.022025,-0.000765,-0.005771
-0.090865,-0.268163,-0.401384,-0.022087,-0.000806,-0.005914
-0.090681,-0.267657,-0.401614,-0.022153,-0.000869,-0.005939
-0.090504,-0.267341,-0.401921,-0.022199,-0.000838,-0.005938
-0.090249,-0.267245,-0.402293,-0.022226,-0.000679,-0.005988
-0.089661,-0.267489,-0.402452,-0.022229,-0.000451,-0.006117
-0.088708,-0.268085,-0.402181,-0.022183,-0.000215,-0.006305
-0.087648,-0.268768,-0.401772,-0.022099,-0.000016,-0.006512
-0.086789,-0.269222,-0.401652,-0.022036,0.000086,-0.006674
-0.086372,-0.269356,-0.401835,-0.022016,0.000048,-0.006695
-0.086475,-0.269201,-0.402048,-0.022019,-0.000130,-0.006539
-0.086984,-0.268827,-0.402159,-0.022040,-0.000415,-0.006256
-0.087700,-0.268339,-0.402341,-0.022092,-0.000706,-0.005917
-0.088450,-0.267819,-0.402682,-0.022171,-0.000895,-0.005600
-0.089112,-0.267323,-0.402950,-0.022260,-0.000968,-0.005383
-0.089493,-0.267016,-0.402894,-0.022313,-0.000951,-0.005306
-0.089393,-0.267097,-0.402549,-0.022281,-0.000864,-0.005357
-0.088924,-0.267515,-0.402141,-0.022178,-0.000757,-0.005456
-0.088497,-0.268034,-0.401783,-0.022087,-0.000705,-0.005478
-0.088487,-0.268508,-0.401516,-0.022068,-0.000761,-0.005383
-0.088948,-0.268872,-0.401465,-0.022118,-0.000891,-0.005253
-0.089563,-0.269094,-0.401694,-0.022195,-0.001001,-0.005188
-0.089993,-0.269204,-0.402031,-0.022243,-0.001003,-0.005220
-0.090068,-0.269287,-0.402264,-0.022238,-0.000870,-0.005335
-0.089795,-0.269458,-0.402352,-0.022185,-0.000655,-0.005523
-0.089429,-0.269747,-0.402301,-0.022102,-0.000446,-0.005756
-0.089269,-0.269986,-0.402170,-0.022034,-0.000316,-0.005979
-0.089534,-0.269899,-0.402089,-0.022028,-0.000295,-0.006127
-0.090240,-0.269408,-0.402033,-0.022093,-0.000339,-0.006176
-0.091009,-0.268775,-0.401841,-0.022201,-0.000385,-0.006185
-0.091414,-0.268324,-0.401496,-0.022290,-0.000389,-0.006206
-0.091330,-0.268127,-0.401166,-0.022314,-0.000334,-0.006210
-0.090798,-0.268080,-0.401037,-0.022282,-0.000267,-0.006178
-0.089890,-0.268067,-0.401307,-0.022242,-0.000267,-0.006119
-0.088888,-0.268007,-0.402022,-0.022216,-0.000345,-0.006033
-0.088283,-0.267909,-0.402853,-0.022184,-0.000464,-0.005916
-0.088358,-0.267878,-0.403403,-0.022129,-0.000583,-0.005789
-0.088906,-0.268041,-0.403606,-0.022066,-0.000666,-0.005699
-0.089514,-0.268413,-0.403596,-0.021992,-0.000687,-0.005696
-0.089888,-0.268847,-0.403431,-0.021880,-0.000623,-0.005785
-0.089813,-0.269166,-0.403131,-0.021738,-0.000489,-0.005895
-0.089249,-0.269259,-0.402670,-0.021623,-0.000346,-0.005952
-0.088567,-0.269181,-0.402007,-0.021608,-0.000261,-0.005959
-0.088267,-0.269111,-0.401377,-0.021727,-0.000263,-0.005940
-0.088378,-0.269108,-0.401201,-0.021939,-0.000318,-0.005887
-0.088543,-0.269147,-0.401629,-0.022157,-0.000361,-0.005777
-0.088619,-0.269227,-0.402443,-0.022328,-0.000377,-0.005606
-0.088742,-0.269257,-0.403225,-0.022428,-0.000429,-0.005416
-0.088964,-0.269133,-0.403554,-0.022427,-0.000543,-0.005246
-0.089281,-0.268947,-0.403296,-0.022331,-0.000660,-0.005100
-0.089823,-0.268857,-0.402725,-0.022208,-0.000721,-0.005013
-0.090618,-0.268851,-0.402167,-0.022106,-0.000712,-0.005039
-0.091385,-0.268884,-0.401694,-0.022015,-0.000651,-0.005162
-0.091773,-0.269024,-0.401330,-0.021953,-0.000572,-0.005340
-0.091590,-0.269295,-0.401285,-0.021949,-0.000480,-0.005585
-0.090869,-0.269564,-0.401771,-0.021985,-0.000363,-0.005928
-0.090002,-0.269727,-0.402585,-0.022017,-0.000228,-0.006313
-0.089510,-0.269820,-0.403168,-0.022025,-0.000093,-0.006617
-0.089538,-0.269890,-0.403262,-0.022020,-0.000002,-0.006789
-0.089761,-0.269851,-0.403092,-0.022025,0.000010,-0.006849
-0.089782,-0.269604,-0.402863,-0.022046,-0.000047,-0.006732
-0.089470,-0.269218,-0.402535,-0.022080,-0.000167,-0.006330
-0.089010,-0.268821,-0.402120,-0.022144,-0.000363,-0.005695
-0.088735,-0.268466,-0.401766,-0.022257,-0.000615,-0.005060
-0.088828,-0.268165,-0.401409,-0.022377,-0.000842,-0.004668
-0.089175,-0.268021,-0.400899,-0.022443,-0.000974,-0.004606
-0.089496,-0.268213,-0.400393,-0.022426,-0.000976,-0.004758
-0.089674,-0.268721,-0.400083,-0.022317,-0.000881,-0.005002
-0.089888,-0.269300,-0.400019,-0.022181,-0.000761,-0.005312
-0.090197,-0.269741,-0.400253,-0.022137,-0.000630,-0.005614
-0.090427,-0.269899,-0.400768,-0.022202,-0.000510,-0.005814
-0.090528,-0.269673,-0.401478,-0.022281,-0.000448,-0.005910
-0.090542,-0.269142,-0.402353,-0.022302,-0.000389,-0.005943
-0.090466,-0.268472,-0.403326,-0.022250,-0.000290,-0.005985
-0.090363,-0.267756,-0.404176,-0.022159,-0.000208,-0.006096
-0.090321,-0.267200,-0.404613,-0.022094,-0.000173,-0.006220
-0.090325,-0.267128,-0.404512,-0.022079,-0.000194,-0.006261
-0.090310,-0.267604,-0.404002,-0.022068,-0.000271,-0.006199
-0.090208,-0.268355,-0.403294,-0.022059,-0.000391,-0.006058
-0.089857,-0.269038,-0.402600,-0.022098,-0.000560,-0.005894
-0.089091,-0.269436,-0.402134,-0.022174,-0.000773,-0.005780
-0.088008,-0.269522,-0.402019,-0.022212,-0.000952,-0.005724
-0.087025,-0.269488,-0.402231,-0.022185,-0.001010,-0.005682
-0.086525,-0.269513,-0.402591,-0.022123,-0.000949,-0.005623
-0.086649,-0.269459,-0.402929,-0.022066,-0.000853,-0.005573
-0.087381,-0.269133,-0.403252,-0.022050,-0.000795,-0.005543
-0.088416,-0.268672,-0.403597,-0.022063,-0.000786,-0.005500
-0.089298,-0.268398,-0.403839,-0.022049,-0.000820,-0.005461
-0.089791,-0.268536,-0.403716,-0.021998,-0.000871,-0.005502
-0.089881,-0.269068,-0.403192,-0.021963,-0.000884,-0.005635
-0.089702,-0.269749,-0.402617,-0.021966,-0.000830,-0.005825
-0.089440,-0.270331,-0.402329,-0.021981,-0.000726,-0.006021
-0.089251,-0.270644,-0.402339,-0.021996,-0.000639,-0.006141
-,-,-,-,-,-
-0.001644,-0.004807,-0.007187,-0.000409,-0.000029,-0.000086
-0.009411,-0.027771,-0.041426,-0.002346,-0.000151,-0.000486
-0.025962,-0.077136,-0.114892,-0.006472,-0.000378,-0.001312
-0.048047,-0.143175,-0.213143,-0.011935,-0.000642,-0.002377
-0.069668,-0.207428,-0.308943,-0.017194,-0.000862,-0.003433
-0.086264,-0.256032,-0.381904,-0.021127,-0.000947,-0.004385
-0.095972,-0.283745,-0.424341,-0.023325,-0.000817,-0.005270
-0.099290,-0.292855,-0.439293,-0.023993,-0.000481,-0.006124
-0.098127,-0.289833,-0.435643,-0.023678,-0.000040,-0.006877
-0.094848,-0.281607,-0.423444,-0.022947,0.000361,-0.007439
-0.091379,-0.273264,-0.410500,-0.022197,0.000617,-0.007774
-0.088734,-0.267473,-0.400937,-0.021660,0.000680,-0.007877
-0.087139,-0.264767,-0.396003,-0.021442,0.000545,-0.007719
-0.086438,-0.264406,-0.395257,-0.021522,0.000289,-0.007257
-0.086380,-0.265398,-0.397243,-0.021759,-0.000007,-0.006558
-0.086766,-0.266919,-0.400223,-0.022012,-0.000323,-0.005843
-0.087480,-0.268271,-0.402717,-0.022225,-0.000612,-0.005325
-0.088345,-0.268992,-0.403865,-0.022353,-0.000854,-0.005056
-0.089020,-0.269061,-0.403699,-0.022377,-0.001060,-0.004895
-0.089325,-0.268792,-0.402869,-0.022359,-0.001210,-0.004653
-0.089441,-0.268398,-0.402021,-0.022353,-0.001321,-0.004369
-0.089520,-0.267887,-0.401498,-0.022354,-0.001402,-0.004226
-0.089540,-0.267384,-0.401304,-0.022344,-0.001392,-0.004284
-0.089526,-0.267120,-0.401338,-0.022274,-0.001260,-0.004520
-0.089548,-0.267179,-0.401495,-0.022115,-0.001026,-0.004928
-0.089646,-0.267507,-0.401539,-0.021919,-0.000697,-0.005477
-0.089725,-0.268029,-0.401382,-0.021750,-0.000316,-0.006113
-0.089540,-0.268666,-0.401219,-0.021646,0.000023,-0.006719
-0.089003,-0.269346,-0.401178,-0.021640,0.000262,-0.007123
-0.088355,-0.269937,-0.401272,-0.021728,0.000377,-0.007303
-0.087932,-0.270186,-0.401534,-0.021867,0.000335,-0.007399
-0.087854,-0.269850,-0.401855,-0.022028,0.000149,-0.007470
-0.087984,-0.268913,-0.401996,-0.022197,-0.000121,-0.007362
-0.088273,-0.267672,-0.401996,-0.022332,-0.000436,-0.006857
-0.088858,-0.266486,-0.402071,-0.022390,-0.000803,-0.005938
-0.089746,-0.265621,-0.402163,-0.022396,-0.001225,-0.004842
-0.090708,-0.265320,-0.402099,-0.022405,-0.001628,-0.003866
-0.091432,-0.265711,-0.401837,-0.022400,-0.001885,-0.003213
-0.091764,-0.266602,-0.401423,-0.022332,-0.001874,-0.003036
-0.091863,-0.267571,-0.400979,-0.022206,-0.001533,-0.003463
-0.091931,-0.268367,-0.400611,-0.022050,-0.000945,-0.004477
-0.091921,-0.269013,-0.400295,-0.021886,-0.000268,-0.005821
-0.091691,-0.269610,-0.399873,-0.021734,0.000355,-0.007104
-0.091199,-0.270187,-0.399217,-0.021621,0.000809,-0.008008
-0.090429,-0.270578,-0.398439,-0.021587,0.001044,-0.008422
-0.089383,-0.270603,-0.397894,-0.021661,0.001049,-0.008427
-0.088235,-0.270301,-0.397877,-0.021811,0.000824,-0.008139
-0.087278,-0.269917,-0.398416,-0.021988,0.000410,-0.007619
-0.086668,-0.269645,-0.399367,-0.022168,-0.000108,-0.006901
-0.086429,-0.269428,-0.400620,-0.022342,-0.000630,-0.006067
-0.086627,-0.269077,-0.401972,-0.022512,-0.001057,-0.005282
-0.087307,-0.268514,-0.402914,-0.022685,-0.001318,-0.004681
-0.088330,-0.267905,-0.403139,-0.022832,-0.001405,-0.004294
-0.089334,-0.267468,-0.402973,-0.022887,-0.001369,-0.004096
-0.089939,-0.267248,-0.402875,-0.022803,-0.001260,-0.004061
-0.090086,-0.267254,-0.402871,-0.022610,-0.001072,-0.004199
-0.090015,-0.267496,-0.402670,-0.022376,-0.000799,-0.004548
-0.089949,-0.267818,-0.402154,-0.022146,-0.000511,-0.005101
-0.089958,-0.267958,-0.401591,-0.021936,-0.000287,-0.005741
-0.089979,-0.267846,-0.401262,-0.021763,-0.000118,-0.006303
-0.089892,-0.267719,-0.401112,-0.021677,0.000010,-0.006688
-0.089668,-0.267894,-0.400970,-0.021715,0.000062,-0.006877
-0.089406,-0.268475,-0.400850,-0.021858,0.000025,-0.006867
-0.089205,-0.269263,-0.400743,-0.022040,-0.000073,-0.006667
-0.089033,-0.269876,-0.400587,-0.022192,-0.000211,-0.006346
-0.088773,-0.270082,-0.400537,-0.022287,-0.000401,-0.005999
-0.088422,-0.269994,-0.400676,-0.022341,-0.000640,-0.005699
-0.088243,-0.269830,-0.400807,-0.022360,-0.000824,-0.005486
-0.088522,-0.269678,-0.400864,-0.022341,-0.000840,-0.005388
-0.089136,-0.269523,-0.401107,-0.022309,-0.000679,-0.005434
-0.089679,-0.269289,-0.401684,-0.022296,-0.000405,-0.005627
-0.089978,-0.268877,-0.402219,-0.022305,-0.000107,-0.005907
-0.090104,-0.268287,-0.402338,-0.022304,0.000148,-0.006183
-0.090095,-0.267636,-0.402268,-0.022280,0.000330,-0.006411
-0.089962,-0.267084,-0.402373,-0.022240,0.000430,-0.006594
-0.089737,-0.266806,-0.402620,-0.022156,0.000435,-0.006703
-0.089411,-0.266919,-0.402863,-0.022011,0.000312,-0.006649
-0.088946,-0.267395,-0.403014,-0.021878,0.000077,-0.006347
-0.088457,-0.268163,-0.402864,-0.021852,-0.000215,-0.005805
-0.088220,-0.269101,-0.402307,-0.021947,-0.000542,-0.005145
-0.088385,-0.269860,-0.401513,-0.022114,-0.000868,-0.004524
-0.088918,-0.270086,-0.400695,-0.022298,-0.001136,-0.004069
-0.089629,-0.269793,-0.400019,-0.022459,-0.001277,-0.003884
-0.090251,-0.269273,-0.399642,-0.022548,-0.001259,-0.004009
-0.090623,-0.268798,-0.399687,-0.022536,-0.001118,-0.004419
-0.090758,-0.268470,-0.400234,-0.022448,-0.000890,-0.005048
-0.090761,-0.268221,-0.401129,-0.022332,-0.000599,-0.005766
-0.090636,-0.268064,-0.401884,-0.022208,-0.000288,-0.006417
-0.090305,-0.268085,-0.402024,-0.022096,0.000007,-0.006915
-0.089872,-0.268100,-0.401576,-0.022042,0.000237,-0.007262
-0.089558,-0.267953,-0.400959,-0.022058,0.000331,-0.007430
-0.089481,-0.267854,-0.400477,-0.022120,0.000298,-0.007352
-0.089525,-0.267991,-0.400278,-0.022184,0.000202,-0.007048
-0.089394,-0.268348,-0.400401,-0.022208,0.000088,-0.006675
-0.088990,-0.268907,-0.400718,-0.022185,-0.000031,-0.006397
-0.088531,-0.269542,-0.401131,-0.022157,-0.000143,-0.006241
-0.088214,-0.269953,-0.401572,-0.022154,-0.000225,-0.006124
-0.088033,-0.269892,-0.401929,-0.022175,-0.000282,-0.005972
-0.087943,-0.269359,-0.402206,-0.022238,-0.000342,-0.005761
-0.087988,-0.268705,-0.402502,-0.022336,-0.000421,-0.005494
-0.088217,-0.268277,-0.402820,-0.022421,-0.000516,-0.005207
-0.088581,-0.267970,-0.403104,-0.022452,-0.000604,-0.004974
-0.088993,-0.267616,-0.403351,-0.022434,-0.000660,-0.004864
-0.089491,-0.267393,-0.403477,-0.022396,-0.000677,-0.004906
-0.090100,-0.267411,-0.403312,-0.022352,-0.000650,-0.005061
-0.090553,-0.267459,-0.402822,-0.022304,-0.000598,-0.005237
-0.090510,-0.267395,-0.402128,-0.022271,-0.000560,-0.005344
-0.090041,-0.267414,-0.401435,-0.022259,-0.000544,-0.005398
-0.089531,-0.267754,-0.400923,-0.022251,-0.000528,-0.005461
-0.089301,-0.268296,-0.400623,-0.022233,-0.000493,-0.005555
-0.089417,-0.268749,-0.400508,-0.022209,-0.000435,-0.005699
-0.089661,-0.269011,-0.400558,-0.022189,-0.000352,-0.005914
-0.089752,-0.269133,-0.400730,-0.022167,-0.000261,-0.006174
-0.089623,-0.269180,-0.400995,-0.022150,-0.000183,-0.006415
-0.089445,-0.269145,-0.401314,-0.022162,-0.000092,-0.006581
-0.089352,-0.268976,-0.401505,-0.022191,0.000038,-0.006680
-0.089248,-0.268653,-0.401391,-0.022187,0.000159,-0.006763
-0.088972,-0.268228,-0.401003,-0.022125,0.000178,-0.006846
-0.088495,-0.267843,-0.400589,-0.022040,0.000059,-0.006884
-0.087976,-0.267619,-0.400520,-0.021988,-0.000152,-0.006794
-0.087701,-0.267628,-0.400955,-0.021980,-0.000405,-0.006512
-0.087830,-0.267899,-0.401716,-0.022005,-0.000684,-0.006033
-0.088239,-0.268243,-0.402556,-0.022071,-0.000961,-0.005410
-0.088716,-0.268413,-0.403198,-0.022158,-0.001180,-0.004732
-0.089123,-0.268479,-0.403409,-0.022219,-0.001305,-0.004127
-0.089437,-0.268553,-0.403255,-0.022244,-0.001327,-0.003763
-0.089749,-0.268518,-0.402994,-0.022247,-0.001252,-0.003774
-0.090081,-0.268327,-0.402714,-0.022210,-0.001085,-0.004164
-,-,-,-,-,-
-0.001655,-0.004843,-0.007203,-0.000397,-0.000002,-0.000121
-0.009503,-0.027906,-0.041520,-0.002281,-0.000007,-0.000719
-0.026235,-0.077347,-0.115164,-0.006311,-0.000006,-0.002022
-0.048406,-0.143371,-0.213551,-0.011693,0.000009,-0.003744
-0.069758,-0.207560,-0.309062,-0.016951,0.000007,-0.005337
-0.085730,-0.256107,-0.381213,-0.020990,-0.000056,-0.006417
-0.094655,-0.283892,-0.422816,-0.023385,-0.000178,-0.006878
-0.097288,-0.293252,-0.437393,-0.024265,-0.000321,-0.006861
-0.095833,-0.290439,-0.433803,-0.024080,-0.000435,-0.006615
-0.092771,-0.282144,-0.421684,-0.023374,-0.000494,-0.006302
-0.089862,-0.273460,-0.408646,-0.022596,-0.000529,-0.005970
-0.087952,-0.267261,-0.399231,-0.022016,-0.000587,-0.005650
-0.087272,-0.264350,-0.394892,-0.021729,-0.000673,-0.005388
-0.087536,-0.264180,-0.394681,-0.021701,-0.000758,-0.005225
-0.088149,-0.265660,-0.396584,-0.021827,-0.000800,-0.005177
-0.088680,-0.267703,-0.398815,-0.021988,-0.000770,-0.005229
-0.089032,-0.269539,-0.400424,-0.022095,-0.000677,-0.005355
-0.089195,-0.270706,-0.401270,-0.022120,-0.000559,-0.005538
-0.089115,-0.270956,-0.401773,-0.022096,-0.000457,-0.005768
-0.088827,-0.270353,-0.402373,-0.022070,-0.000410,-0.006012
-0.088475,-0.269316,-0.402945,-0.022063,-0.000440,-0.006217
-0.088200,-0.268393,-0.403064,-0.022073,-0.000510,-0.006348
-0.088096,-0.267879,-0.402666,-0.022107,-0.000567,-0.006361
-0.088200,-0.267763,-0.401979,-0.022171,-0.000608,-0.006201
-0.088486,-0.267956,-0.401213,-0.022247,-0.000656,-0.005865
-0.088953,-0.268296,-0.400654,-0.022310,-0.000728,-0.005458
-0.089541,-0.268647,-0.400661,-0.022353,-0.000793,-0.005167
-0.090030,-0.268982,-0.401336,-0.022363,-0.000780,-0.005132
-0.090290,-0.269230,-0.402283,-0.022311,-0.000630,-0.005373
-0.090356,-0.269290,-0.402890,-0.022202,-0.000350,-0.005824
-0.090183,-0.269200,-0.402838,-0.022084,-0.000019,-0.006384
-0.089687,-0.269176,-0.402260,-0.022008,0.000256,-0.006925
-0.088987,-0.269330,-0.401612,-0.021996,0.000383,-0.007293
-0.088403,-0.269468,-0.401333,-0.022040,0.000323,-0.007336
-0.088203,-0.269444,-0.401480,-0.022121,0.000115,-0.006986
-0.088422,-0.269337,-0.401835,-0.022236,-0.000190,-0.006328
-0.088945,-0.269142,-0.402273,-0.022390,-0.000548,-0.005584
-0.089579,-0.268748,-0.402758,-0.022553,-0.000886,-0.004974
-0.090052,-0.268217,-0.403083,-0.022671,-0.001103,-0.004626
-0.090198,-0.267846,-0.402917,-0.022694,-0.001139,-0.004577
-0.090097,-0.267892,-0.402138,-0.022608,-0.000999,-0.004756
-0.089957,-0.268369,-0.401074,-0.022454,-0.000748,-0.005042
-0.089961,-0.269039,-0.400262,-0.022299,-0.000477,-0.005332
-0.090194,-0.269503,-0.400038,-0.022185,-0.000273,-0.005545
-0.090553,-0.269527,-0.400351,-0.022126,-0.000205,-0.005653
-0.090806,-0.269287,-0.400870,-0.022103,-0.000277,-0.005728
-0.090848,-0.269095,-0.401382,-0.022099,-0.000419,-0.005888
-0.090709,-0.269033,-0.401801,-0.022104,-0.000527,-0.006163
-0.090467,-0.269018,-0.402027,-0.022099,-0.000517,-0.006481
-0.090185,-0.268995,-0.402126,-0.022060,-0.000398,-0.006754
-0.089804,-0.268928,-0.402255,-0.021998,-0.000253,-0.006895
-0.089241,-0.268777,-0.402465,-0.021965,-0.000140,-0.006819
-0.088615,-0.268607,-0.402637,-0.022004,-0.000095,-0.006509
-0.088227,-0.268510,-0.402548,-0.022106,-0.000175,-0.006058
-0.088290,-0.268463,-0.402123,-0.022232,-0.000370,-0.005604
-0.088687,-0.268398,-0.401574,-0.022341,-0.000584,-0.005242
-0.089039,-0.268199,-0.401145,-0.022397,-0.000716,-0.005011
-0.089070,-0.267840,-0.400901,-0.022397,-0.000745,-0.004942
-0.088809,-0.267600,-0.400910,-0.022355,-0.000720,-0.005053
-0.088461,-0.267691,-0.401183,-0.022286,-0.000677,-0.005300
-0.088219,-0.267925,-0.401439,-0.022210,-0.000620,-0.005573
-0.088200,-0.267985,-0.401531,-0.022154,-0.000583,-0.005744
-0.088408,-0.267753,-0.401722,-0.022126,-0.000600,-0.005742
-0.088764,-0.267287,-0.402177,-0.022103,-0.000660,-0.005637
-0.089120,-0.266767,-0.402744,-0.022071,-0.000709,-0.005559
-0.089300,-0.266505,-0.403283,-0.022046,-0.000697,-0.005576
-0.089299,-0.266743,-0.403729,-0.022053,-0.000611,-0.005701
-0.089287,-0.267431,-0.403968,-0.022112,-0.000483,-0.005907
-0.089298,-0.268129,-0.403919,-0.022207,-0.000381,-0.006121
-0.089266,-0.268353,-0.403621,-0.022308,-0.000360,-0.006213
-0.089344,-0.268155,-0.403177,-0.022416,-0.000434,-0.006091
-0.089720,-0.267887,-0.402727,-0.022511,-0.000574,-0.005803
-0.090303,-0.267641,-0.402374,-0.022535,-0.000716,-0.005476
-0.090927,-0.267412,-0.402085,-0.022441,-0.000791,-0.005222
-0.091434,-0.267310,-0.401738,-0.022240,-0.000748,-0.005147
-0.091532,-0.267366,-0.401371,-0.022007,-0.000567,-0.005364
-0.091079,-0.267474,-0.401164,-0.021855,-0.000259,-0.005922
-0.090286,-0.267525,-0.401174,-0.021828,0.000157,-0.006703
-0.089379,-0.267535,-0.401348,-0.021855,0.000597,-0.007423
-0.088424,-0.267576,-0.401592,-0.021863,0.000882,-0.007789
-0.087520,-0.267624,-0.401760,-0.021872,0.000861,-0.007646
-0.086852,-0.267729,-0.401806,-0.021930,0.000512,-0.006998
-0.086642,-0.268016,-0.401860,-0.022043,-0.000069,-0.005993
-0.087115,-0.268342,-0.402084,-0.022181,-0.000710,-0.004918
-0.088286,-0.268454,-0.402465,-0.022307,-0.001227,-0.004102
-0.089819,-0.268417,-0.402777,-0.022393,-0.001473,-0.003770
-0.091181,-0.268436,-0.402847,-0.022419,-0.001369,-0.003969
-0.091879,-0.268534,-0.402814,-0.022363,-0.000933,-0.004604
-0.091800,-0.268662,-0.402964,-0.022228,-0.000337,-0.005462
-0.091271,-0.268811,-0.403304,-0.022077,0.000162,-0.006256
-0.090672,-0.268969,-0.403440,-0.021972,0.000401,-0.006727
-0.090196,-0.269096,-0.402967,-0.021931,0.000350,-0.006745
-0.089917,-0.269140,-0.401872,-0.021942,0.000082,-0.006351
-0.089864,-0.269112,-0.400652,-0.021984,-0.000260,-0.005736
-0.089890,-0.269017,-0.400025,-0.022037,-0.000540,-0.005193
-0.089690,-0.268881,-0.400323,-0.022071,-0.000660,-0.005020
-0.089155,-0.268771,-0.401273,-0.022046,-0.000567,-0.005371
-0.088431,-0.268639,-0.402369,-0.021968,-0.000284,-0.006168
-0.087758,-0.268420,-0.403234,-0.021873,0.000079,-0.007168
-0.087356,-0.268246,-0.403676,-0.021784,0.000367,-0.008019
-0.087228,-0.268288,-0.403744,-0.021747,0.000449,-0.008322
-0.087309,-0.268514,-0.403599,-0.021824,0.000256,-0.007851
-0.087602,-0.268739,-0.403250,-0.022021,-0.000204,-0.006706
-0.087978,-0.268798,-0.402770,-0.022290,-0.000839,-0.005186
-0.088373,-0.268677,-0.402369,-0.022526,-0.001479,-0.003653
-0.088945,-0.268470,-0.402127,-0.022623,-0.001903,-0.002539
-0.089677,-0.268368,-0.402068,-0.022576,-0.001945,-0.002247
-0.090281,-0.268511,-0.402156,-0.022435,-0.001568,-0.002927
-0.090560,-0.268727,-0.402212,-0.022228,-0.000858,-0.004349
-0.090456,-0.268685,-0.402125,-0.021999,-0.000023,-0.006006
-0.090016,-0.268347,-0.401873,-0.021802,0.000672,-0.007352
-0.089482,-0.268054,-0.401606,-0.021653,0.001009,-0.008031
-0.089128,-0.268115,-0.401648,-0.021565,0.000913,-0.007961
-0.089025,-0.268454,-0.401918,-0.021560,0.000528,-0.007334
-0.089041,-0.268880,-0.402009,-0.021635,0.000106,-0.006543
-0.089058,-0.269310,-0.401853,-0.021753,-0.000176,-0.005979
-0.089046,-0.269623,-0.401689,-0.021869,-0.000291,-0.005828
-0.088899,-0.269712,-0.401670,-0.021960,-0.000303,-0.006023
-0.088523,-0.269560,-0.401678,-0.022038,-0.000280,-0.006342
-0.088045,-0.269256,-0.401565,-0.022126,-0.000290,-0.006556
-0.087632,-0.268920,-0.401372,-0.022204,-0.000370,-0.006511
-0.087316,-0.268552,-0.401223,-0.022238,-0.000499,-0.006193
-0.087133,-0.268117,-0.401375,-0.022216,-0.000628,-0.005719
-0.087141,-0.267725,-0.402048,-0.022147,-0.000684,-0.005267
-0.087314,-0.267554,-0.403059,-0.022065,-0.000623,-0.004999
-0.087638,-0.267589,-0.404008,-0.022002,-0.000520,-0.004959
-0.088081,-0.267764,-0.404575,-0.021966,-0.000477,-0.005060
-0.088523,-0.268091,-0.404505,-0.021969,-0.000539,-0.005169
-,-,-,-,-,-
-0.001697,-0.004812,-0.007262,-0.000404,-0.000019,-0.000078
-0.009703,-0.027792,-0.041859,-0.002324,-0.000115,-0.000463
-0.026674,-0.077192,-0.116022,-0.006438,-0.000320,-0.001324
-0.049056,-0.143275,-0.214915,-0.011941,-0.000571,-0.002566
-0.070530,-0.207578,-0.310772,-0.017299,-0.000754,-0.003956
-0.086540,-0.256366,-0.383161,-0.021345,-0.000778,-0.005300
-0.095598,-0.284517,-0.424840,-0.023644,-0.000630,-0.006423
-0.098701,-0.294070,-0.439250,-0.024376,-0.000384,-0.007173
-0.097933,-0.290999,-0.435306,-0.024065,-0.000142,-0.007498
-0.095277,-0.282014,-0.422736,-0.023302,0.000023,-0.007459
-0.092130,-0.272480,-0.409288,-0.022540,0.000083,-0.007148
-0.089397,-0.265609,-0.399567,-0.022016,0.000019,-0.006652
-0.087642,-0.262478,-0.394889,-0.021791,-0.000169,-0.006084
-0.087131,-0.262539,-0.394292,-0.021804,-0.000414,-0.005580
-0.087753,-0.264367,-0.396128,-0.021939,-0.000610,-0.005236
-0.088943,-0.266613,-0.398933,-0.022092,-0.000695,-0.005066
-0.089983,-0.268523,-0.401487,-0.022198,-0.000653,-0.005022
-0.090521,-0.269763,-0.402994,-0.022220,-0.000520,-0.005059
-0.090656,-0.270249,-0.403436,-0.022167,-0.000374,-0.005180
-0.090582,-0.270165,-0.403231,-0.022084,-0.000267,-0.005397
-0.090395,-0.269807,-0.402680,-0.021999,-0.000213,-0.005692
-0.090193,-0.269380,-0.401979,-0.021917,-0.000210,-0.005967
-0.090155,-0.269038,-0.401333,-0.021847,-0.000253,-0.006081
-0.090351,-0.268870,-0.400927,-0.021816,-0.000352,-0.005958
-0.090666,-0.268785,-0.400681,-0.021856,-0.000508,-0.005642
-0.090954,-0.268693,-0.400388,-0.021974,-0.000689,-0.005311
-0.091104,-0.268566,-0.400121,-0.022120,-0.000794,-0.005190
-0.091080,-0.268386,-0.400048,-0.022207,-0.000699,-0.005371
-0.090892,-0.268255,-0.400166,-0.022179,-0.000385,-0.005783
-0.090520,-0.268202,-0.400443,-0.022017,0.000004,-0.006337
-0.089969,-0.268142,-0.401008,-0.021777,0.000267,-0.006920
-0.089265,-0.268164,-0.402034,-0.021624,0.000327,-0.007247
-0.088488,-0.268410,-0.403424,-0.021669,0.000256,-0.007093
-0.087795,-0.268766,-0.404649,-0.021875,0.000086,-0.006654
-0.087287,-0.268921,-0.405112,-0.022171,-0.000172,-0.006238
-0.087048,-0.268792,-0.404741,-0.022432,-0.000422,-0.005868
-0.087214,-0.268596,-0.403868,-0.022476,-0.000600,-0.005527
-0.087752,-0.268565,-0.402909,-0.022314,-0.000697,-0.005296
-0.088491,-0.268749,-0.402211,-0.022158,-0.000705,-0.005182
-0.089264,-0.268956,-0.401985,-0.022098,-0.000720,-0.005140
-0.089821,-0.268983,-0.402404,-0.022093,-0.000834,-0.005082
-0.090021,-0.268833,-0.403273,-0.022148,-0.000981,-0.004918
-0.089962,-0.268669,-0.403900,-0.022230,-0.001107,-0.004746
-0.089763,-0.268610,-0.403747,-0.022249,-0.001174,-0.004755
-0.089544,-0.268596,-0.402891,-0.022180,-0.001077,-0.005007
-0.089439,-0.268522,-0.401854,-0.022054,-0.000777,-0.005481
-0.089445,-0.268443,-0.401143,-0.021907,-0.000356,-0.006110
-0.089511,-0.268547,-0.400968,-0.021795,0.000057,-0.006720
-0.089609,-0.268795,-0.401256,-0.021762,0.000316,-0.007054
-0.089671,-0.268881,-0.401762,-0.021807,0.000298,-0.006947
-0.089698,-0.268740,-0.402206,-0.021921,-0.000016,-0.006451
-0.089775,-0.268626,-0.402395,-0.022104,-0.000487,-0.005780
-0.089903,-0.268702,-0.402335,-0.022324,-0.000911,-0.005190
-0.089988,-0.268940,-0.402214,-0.022520,-0.001154,-0.004904
-0.089967,-0.269234,-0.402237,-0.022662,-0.001155,-0.005012
-0.089864,-0.269401,-0.402469,-0.022735,-0.000903,-0.005427
-0.089697,-0.269215,-0.402797,-0.022729,-0.000527,-0.005953
-0.089461,-0.268609,-0.403126,-0.022661,-0.000237,-0.006363
-0.089278,-0.267824,-0.403386,-0.022561,-0.000144,-0.006482
-0.089265,-0.267286,-0.403459,-0.022442,-0.000239,-0.006273
-0.089326,-0.267360,-0.403417,-0.022303,-0.000468,-0.005775
-0.089318,-0.268035,-0.403177,-0.022171,-0.000682,-0.005164
-0.089213,-0.268862,-0.402261,-0.022075,-0.000751,-0.004898
-0.088978,-0.269393,-0.400854,-0.022025,-0.000663,-0.005212
-0.088652,-0.269522,-0.399838,-0.021986,-0.000401,-0.005734
-0.088474,-0.269376,-0.399692,-0.021875,-0.000095,-0.006062
-0.088557,-0.269011,-0.400330,-0.021752,0.000045,-0.006105
-0.088813,-0.268510,-0.401361,-0.021771,-0.000022,-0.005844
-0.089204,-0.268091,-0.402305,-0.021917,-0.000293,-0.005342
-0.089694,-0.267890,-0.402832,-0.022088,-0.000672,-0.004749
-0.090165,-0.267994,-0.402947,-0.022234,-0.000952,-0.004286
-0.090482,-0.268329,-0.402914,-0.022315,-0.001021,-0.004285
-0.090576,-0.268574,-0.402840,-0.022298,-0.000843,-0.004865
-0.090568,-0.268525,-0.402658,-0.022203,-0.000432,-0.005755
-0.090590,-0.268295,-0.402393,-0.022059,0.000070,-0.006573
-0.090512,-0.268141,-0.402011,-0.021905,0.000457,-0.007081
-0.090138,-0.268191,-0.401458,-0.021814,0.000603,-0.007239
-0.089496,-0.268388,-0.400995,-0.021834,0.000506,-0.007101
-0.088861,-0.268584,-0.401008,-0.021934,0.000248,-0.006746
-0.088471,-0.268648,-0.401520,-0.022050,-0.000048,-0.006314
-0.088283,-0.268560,-0.402150,-0.022157,-0.000291,-0.005970
-0.088236,-0.268451,-0.402500,-0.022224,-0.000475,-0.005801
-0.088423,-0.268463,-0.402479,-0.022206,-0.000653,-0.005720
-0.088863,-0.268548,-0.402271,-0.022117,-0.000844,-0.005521
-0.089423,-0.268560,-0.402039,-0.022026,-0.000992,-0.005121
-0.089910,-0.268521,-0.401850,-0.021993,-0.001059,-0.004652
-0.090187,-0.268442,-0.401706,-0.022030,-0.001041,-0.004310
-0.090251,-0.268204,-0.401632,-0.022098,-0.000982,-0.004260
-0.090243,-0.267836,-0.401813,-0.022152,-0.000936,-0.004523
-0.090346,-0.267569,-0.402347,-0.022180,-0.000880,-0.004946
-0.090548,-0.267646,-0.402950,-0.022186,-0.000795,-0.005386
-0.090646,-0.268177,-0.403153,-0.022189,-0.000700,-0.005836
-0.090456,-0.269051,-0.402900,-0.022187,-0.000598,-0.006299
-0.090050,-0.269888,-0.402522,-0.022136,-0.000484,-0.006673
-0.089747,-0.270310,-0.402190,-0.022021,-0.000337,-0.006809
-0.089692,-0.270248,-0.401897,-0.021896,-0.000179,-0.006668
-0.089716,-0.269848,-0.401615,-0.021823,-0.000080,-0.006359
-0.089557,-0.269359,-0.401338,-0.021815,-0.000104,-0.006005
-0.089105,-0.269030,-0.401184,-0.021861,-0.000262,-0.005646
-0.088643,-0.268941,-0.401250,-0.021923,-0.000484,-0.005257
-0.088565,-0.269013,-0.401475,-0.021956,-0.000674,-0.004885
-0.088948,-0.269167,-0.401649,-0.021964,-0.000784,-0.004697
-0.089614,-0.269324,-0.401589,-0.021986,-0.000784,-0.004842
-0.090245,-0.269353,-0.401440,-0.022031,-0.000669,-0.005313
-0.090508,-0.269176,-0.401413,-0.022081,-0.000450,-0.005956
-0.090345,-0.268852,-0.401389,-0.022118,-0.000158,-0.006578
-0.089976,-0.268498,-0.401291,-0.022139,0.000104,-0.007034
-0.089664,-0.268195,-0.401335,-0.022167,0.000212,-0.007201
-0.089566,-0.268015,-0.401699,-0.022231,0.000111,-0.006967
-0.089701,-0.268053,-0.402250,-0.022328,-0.000163,-0.006349
-0.090008,-0.268305,-0.402608,-0.022422,-0.000539,-0.005575
-0.090364,-0.268593,-0.402584,-0.022479,-0.000898,-0.004982
-0.090607,-0.268719,-0.402392,-0.022490,-0.001096,-0.004775
-0.090776,-0.268758,-0.402331,-0.022462,-0.001093,-0.004905
-0.091041,-0.268905,-0.402430,-0.022404,-0.000950,-0.005213
-0.091285,-0.269078,-0.402476,-0.022329,-0.000744,-0.005616
-0.091208,-0.269096,-0.402378,-0.022268,-0.000523,-0.006052
-0.090699,-0.268875,-0.402282,-0.022244,-0.000317,-0.006396
-0.089932,-0.268412,-0.402380,-0.022246,-0.000173,-0.006527
-0.089246,-0.267951,-0.402770,-0.022249,-0.000144,-0.006461
-0.088876,-0.267848,-0.403326,-0.022237,-0.000205,-0.006332
-0.088843,-0.268152,-0.403777,-0.022214,-0.000273,-0.006228
-0.089031,-0.268566,-0.403956,-0.022202,-0.000296,-0.006113
-0.089270,-0.268759,-0.403816,-0.022211,-0.000283,-0.005916
-0.089433,-0.268671,-0.403502,-0.022213,-0.000271,-0.005663
-0.089496,-0.268447,-0.403311,-0.022200,-0.000302,-0.005443
-0.089472,-0.268206,-0.403290,-0.022202,-0.000411,-0.005290
-0.089374,-0.268068,-0.403237,-0.022225,-0.000593,-0.005138
-,-,-,-,-,-
-0.001635,-0.004889,-0.007260,-0.000399,-0.000021,-0.000087
-0.009402,-0.028140,-0.041797,-0.002302,-0.000120,-0.000508
-0.026036,-0.077890,-0.115806,-0.006394,-0.000316,-0.001428
-0.048252,-0.144124,-0.214680,-0.011863,-0.000515,-0.002724
-0.069840,-0.208255,-0.310884,-0.017155,-0.000594,-0.004161
-0.086129,-0.256582,-0.383691,-0.021117,-0.000490,-0.005540
-0.095375,-0.284180,-0.425550,-0.023348,-0.000212,-0.006714
-0.098265,-0.293400,-0.440100,-0.024059,0.000137,-0.007608
-0.096855,-0.290359,-0.436443,-0.023778,0.000436,-0.008174
-0.093529,-0.281776,-0.424298,-0.023065,0.000621,-0.008366
-0.090143,-0.272919,-0.411221,-0.022343,0.000636,-0.008190
-0.087617,-0.266660,-0.401472,-0.021845,0.000443,-0.007740
-0.086135,-0.263682,-0.396355,-0.021614,0.000071,-0.007101
-0.085687,-0.263323,-0.395292,-0.021620,-0.000395,-0.006301
-0.086200,-0.264476,-0.396808,-0.021826,-0.000853,-0.005403
-0.087328,-0.266028,-0.399220,-0.022169,-0.001225,-0.004568
-0.088513,-0.267184,-0.401344,-0.022501,-0.001467,-0.004015
-0.089430,-0.267731,-0.402781,-0.022647,-0.001553,-0.003842
-0.090157,-0.267720,-0.403479,-0.022534,-0.001429,-0.003981
-0.090726,-0.267402,-0.403433,-0.022223,-0.001083,-0.004377
-0.090927,-0.267198,-0.402879,-0.021874,-0.000657,-0.004980
-0.090691,-0.267183,-0.402158,-0.021647,-0.000320,-0.005626
-0.090276,-0.267136,-0.401377,-0.021597,-0.000136,-0.006124
-0.089984,-0.267022,-0.400583,-0.021678,-0.000092,-0.006353
-0.089933,-0.267057,-0.400051,-0.021784,-0.000182,-0.006291
-0.090003,-0.267416,-0.400102,-0.021859,-0.000420,-0.006005
-0.089934,-0.268197,-0.400737,-0.021930,-0.000787,-0.005611
-0.089656,-0.269315,-0.401683,-0.022027,-0.001210,-0.005211
-0.089472,-0.270227,-0.402581,-0.022159,-0.001566,-0.004862
-0.089672,-0.270355,-0.403064,-0.022320,-0.001737,-0.004621
-0.090209,-0.269615,-0.402995,-0.022472,-0.001695,-0.004605
-0.090847,-0.268358,-0.402556,-0.022555,-0.001437,-0.004926
-0.091267,-0.267106,-0.402081,-0.022535,-0.000953,-0.005630
-0.091091,-0.266210,-0.401747,-0.022410,-0.000292,-0.006671
-0.090246,-0.265704,-0.401522,-0.022200,0.000416,-0.007850
-0.089175,-0.265460,-0.401446,-0.021978,0.000979,-0.008825
-0.088269,-0.265537,-0.401709,-0.021832,0.001260,-0.009290
-0.087416,-0.266159,-0.402379,-0.021811,0.001244,-0.009184
-0.086423,-0.267229,-0.403171,-0.021900,0.000967,-0.008659
-0.085504,-0.268320,-0.403626,-0.022046,0.000507,-0.007854
-0.085049,-0.269096,-0.403548,-0.022179,-0.000047,-0.006796
-0.085204,-0.269417,-0.403088,-0.022274,-0.000639,-0.005531
-0.085925,-0.269243,-0.402491,-0.022348,-0.001255,-0.004253
-0.087094,-0.268669,-0.401964,-0.022420,-0.001869,-0.003192
-0.088514,-0.267947,-0.401596,-0.022512,-0.002404,-0.002426
-0.089931,-0.267369,-0.401427,-0.022612,-0.002761,-0.001945
-0.091148,-0.267135,-0.401425,-0.022667,-0.002827,-0.001808
-0.092181,-0.267309,-0.401367,-0.022640,-0.002516,-0.002175
-0.093093,-0.267758,-0.401136,-0.022519,-0.001863,-0.003165
-0.093625,-0.268267,-0.400897,-0.022323,-0.000983,-0.004659
-0.093428,-0.268801,-0.400804,-0.022102,-0.000036,-0.006325
-0.092584,-0.269344,-0.400800,-0.021909,0.000748,-0.007832
-0.091424,-0.269733,-0.400760,-0.021789,0.001221,-0.008935
-0.090198,-0.269890,-0.400583,-0.021769,0.001371,-0.009461
-0.089121,-0.269845,-0.400208,-0.021823,0.001216,-0.009344
-0.088366,-0.269662,-0.399809,-0.021912,0.000793,-0.008656
-0.087992,-0.269442,-0.399787,-0.022011,0.000205,-0.007619
-0.087837,-0.269213,-0.400349,-0.022090,-0.000395,-0.006544
-0.087612,-0.268979,-0.401299,-0.022135,-0.000872,-0.005661
-0.087306,-0.268791,-0.402291,-0.022151,-0.001137,-0.005043
-0.087199,-0.268723,-0.403031,-0.022145,-0.001162,-0.004669
-0.087486,-0.268866,-0.403391,-0.022136,-0.000997,-0.004539
-0.088015,-0.269216,-0.403519,-0.022159,-0.000730,-0.004695
-0.088416,-0.269645,-0.403592,-0.022200,-0.000442,-0.005159
-0.088562,-0.269988,-0.403541,-0.022185,-0.000182,-0.005837
-0.088594,-0.270099,-0.403175,-0.022070,0.000025,-0.006537
-0.088593,-0.269992,-0.402442,-0.021915,0.000158,-0.007090
-0.088552,-0.269830,-0.401583,-0.021814,0.000183,-0.007400
-0.088468,-0.269721,-0.401043,-0.021822,0.000066,-0.007342
-0.088411,-0.269649,-0.401087,-0.021948,-0.000226,-0.006808
-0.088545,-0.269504,-0.401576,-0.022163,-0.000695,-0.005874
-0.088977,-0.269209,-0.402111,-0.022398,-0.001248,-0.004828
-0.089575,-0.268841,-0.402356,-0.022592,-0.001711,-0.003972
-0.090101,-0.268512,-0.402232,-0.022708,-0.001927,-0.003477
-0.090518,-0.268372,-0.401848,-0.022724,-0.001840,-0.003394
-0.090920,-0.268632,-0.401451,-0.022641,-0.001488,-0.003737
-0.091244,-0.269243,-0.401249,-0.022496,-0.000993,-0.004484
-0.091369,-0.269826,-0.401147,-0.022330,-0.000505,-0.005485
-0.091350,-0.270016,-0.401032,-0.022166,-0.000101,-0.006485
-0.091272,-0.269745,-0.401045,-0.022030,0.000221,-0.007302
-0.091059,-0.269189,-0.401314,-0.021949,0.000460,-0.007890
-0.090574,-0.268600,-0.401734,-0.021923,0.000594,-0.008238
-0.089792,-0.268144,-0.402013,-0.021941,0.000599,-0.008328
-0.088866,-0.267895,-0.401895,-0.021994,0.000453,-0.008130
-0.088041,-0.267863,-0.401436,-0.022087,0.000169,-0.007620
-0.087539,-0.267957,-0.400931,-0.022212,-0.000204,-0.006866
-0.087456,-0.268070,-0.400607,-0.022323,-0.000604,-0.005994
-0.087651,-0.268230,-0.400525,-0.022389,-0.000978,-0.005093
-0.087890,-0.268507,-0.400702,-0.022435,-0.001280,-0.004258
-0.088092,-0.268714,-0.401044,-0.022507,-0.001471,-0.003668
-0.088294,-0.268590,-0.401359,-0.022606,-0.001536,-0.003485
-0.088565,-0.268287,-0.401632,-0.022674,-0.001480,-0.003709
-0.088997,-0.268220,-0.401817,-0.022660,-0.001309,-0.004209
-0.089619,-0.268445,-0.401705,-0.022563,-0.001026,-0.004832
-0.090392,-0.268600,-0.401356,-0.022428,-0.000658,-0.005463
-0.091142,-0.268407,-0.401174,-0.022302,-0.000292,-0.005991
-0.091556,-0.267939,-0.401363,-0.022200,-0.000031,-0.006326
-0.091559,-0.267473,-0.401711,-0.022115,0.000093,-0.006456
-0.091311,-0.267316,-0.401995,-0.022058,0.000117,-0.006436
-0.090835,-0.267690,-0.402194,-0.022057,0.000081,-0.006384
-0.090160,-0.268514,-0.402313,-0.022123,0.000027,-0.006439
-0.089450,-0.269349,-0.402353,-0.022223,0.000000,-0.006656
-0.088819,-0.269771,-0.402396,-0.022293,0.000013,-0.006975
-0.088451,-0.269703,-0.402545,-0.022274,0.000024,-0.007244
-0.088549,-0.269413,-0.402861,-0.022152,-0.000017,-0.007293
-0.088923,-0.269198,-0.403306,-0.021990,-0.000131,-0.007062
-0.089151,-0.269092,-0.403751,-0.021906,-0.000306,-0.006609
-0.089071,-0.269014,-0.404074,-0.021959,-0.000526,-0.006013
-0.088810,-0.268974,-0.404168,-0.022104,-0.000769,-0.005395
-0.088534,-0.268990,-0.404003,-0.022264,-0.000966,-0.004915
-0.088370,-0.269001,-0.403813,-0.022378,-0.001069,-0.004636
-0.088439,-0.268964,-0.403794,-0.022418,-0.001111,-0.004499
-0.088776,-0.268872,-0.403782,-0.022389,-0.001160,-0.004451
-0.089253,-0.268800,-0.403545,-0.022323,-0.001221,-0.004506
-0.089682,-0.268904,-0.403014,-0.022236,-0.001258,-0.004645
-0.089953,-0.269223,-0.402302,-0.022144,-0.001260,-0.004732
-0.090098,-0.269597,-0.401679,-0.022090,-0.001224,-0.004615
-0.090360,-0.269781,-0.401353,-0.022106,-0.001149,-0.004360
-0.090911,-0.269635,-0.401303,-0.022175,-0.001066,-0.004228
-0.091570,-0.269232,-0.401346,-0.022242,-0.000949,-0.004409
-0.092018,-0.268860,-0.401382,-0.022251,-0.000731,-0.004943
-0.092111,-0.268786,-0.401392,-0.022175,-0.000386,-0.005793
-0.092014,-0.268930,-0.401365,-0.022042,0.000064,-0.006827
-0.091910,-0.268987,-0.401360,-0.021915,0.000514,-0.007833
-0.091660,-0.268845,-0.401413,-0.021828,0.000809,-0.008579
-0.091031,-0.268648,-0.401473,-0.021805,0.000838,-0.008857
-0.090004,-0.268440,-0.401429,-0.021864,0.000584,-0.008624
-0.088725,-0.268101,-0.401328,-0.022001,0.000135,-0.008003
-,-,-,-,-,-
-0.001619,-0.004856,-0.007322,-0.000383,-0.000025,-0.000080
-0.009295,-0.027943,-0.042125,-0.002231,-0.000143,-0.000482
-0.025661,-0.077319,-0.116581,-0.006251,-0.000358,-0.001362
-0.047394,-0.143058,-0.215751,-0.011694,-0.000574,-0.002497
-0.068486,-0.206801,-0.311822,-0.017014,-0.000760,-0.003546
-0.084585,-0.255005,-0.384116,-0.021017,-0.000947,-0.004339
-0.094040,-0.282749,-0.425144,-0.023294,-0.001075,-0.004807
-0.097509,-0.292376,-0.438579,-0.024051,-0.001093,-0.004974
-0.097012,-0.290022,-0.433823,-0.023785,-0.001034,-0.004940
-0.094737,-0.282187,-0.420933,-0.023063,-0.000920,-0.004834
-0.092237,-0.273745,-0.407701,-0.022345,-0.000781,-0.004821
-0.090286,-0.267434,-0.398533,-0.021867,-0.000684,-0.004976
-0.089237,-0.264162,-0.394562,-0.021662,-0.000640,-0.005215
-0.089207,-0.263619,-0.394676,-0.021670,-0.000580,-0.005456
-0.089856,-0.264881,-0.396980,-0.021806,-0.000463,-0.005699
-0.090504,-0.266901,-0.399876,-0.021981,-0.000315,-0.005960
-0.090722,-0.268782,-0.402350,-0.022125,-0.000178,-0.006221
-0.090548,-0.269893,-0.403804,-0.022212,-0.000048,-0.006456
-0.090208,-0.270151,-0.404090,-0.022250,0.000071,-0.006666
-0.089885,-0.269970,-0.403577,-0.022261,0.000130,-0.006850
-0.089630,-0.269680,-0.402687,-0.022263,0.000083,-0.006958
-0.089399,-0.269342,-0.401632,-0.022235,-0.000067,-0.006936
-0.089210,-0.268970,-0.400683,-0.022156,-0.000255,-0.006751
-0.089125,-0.268619,-0.400173,-0.022052,-0.000426,-0.006418
-0.089069,-0.268388,-0.400241,-0.021967,-0.000600,-0.006006
-0.088954,-0.268330,-0.400835,-0.021931,-0.000782,-0.005572
-0.088899,-0.268423,-0.401806,-0.021960,-0.000913,-0.005199
-0.089027,-0.268579,-0.402823,-0.022034,-0.000920,-0.005067
-0.089232,-0.268663,-0.403582,-0.022113,-0.000783,-0.005283
-0.089389,-0.268596,-0.404104,-0.022173,-0.000548,-0.005704
-0.089526,-0.268364,-0.404407,-0.022209,-0.000317,-0.006051
-0.089624,-0.268055,-0.404278,-0.022227,-0.000201,-0.006103
-0.089528,-0.267881,-0.403550,-0.022244,-0.000244,-0.005790
-0.089180,-0.267925,-0.402323,-0.022273,-0.000441,-0.005200
-0.088746,-0.268080,-0.400992,-0.022314,-0.000746,-0.004527
-0.088551,-0.268400,-0.400075,-0.022360,-0.001028,-0.004014
-0.088813,-0.269047,-0.399875,-0.022385,-0.001143,-0.003901
-0.089379,-0.269861,-0.400287,-0.022370,-0.001038,-0.004326
-0.090014,-0.270452,-0.400927,-0.022305,-0.000733,-0.005225
-0.090595,-0.270613,-0.401490,-0.022188,-0.000287,-0.006365
-0.090923,-0.270339,-0.401842,-0.022051,0.000201,-0.007437
-0.090827,-0.269631,-0.401988,-0.021954,0.000598,-0.008156
-0.090266,-0.268639,-0.402142,-0.021939,0.000765,-0.008347
-0.089288,-0.267771,-0.402407,-0.021992,0.000648,-0.008027
-0.088163,-0.267333,-0.402648,-0.022065,0.000313,-0.007388
-0.087276,-0.267269,-0.402876,-0.022123,-0.000087,-0.006675
-0.086766,-0.267420,-0.403206,-0.022164,-0.000386,-0.006063
-0.086569,-0.267727,-0.403546,-0.022185,-0.000522,-0.005640
-0.086635,-0.268107,-0.403786,-0.022174,-0.000565,-0.005410
-0.086903,-0.268406,-0.403897,-0.022132,-0.000614,-0.005310
-0.087239,-0.268538,-0.403761,-0.022076,-0.000715,-0.005219
-0.087463,-0.268598,-0.403415,-0.022047,-0.000865,-0.005019
-0.087553,-0.268755,-0.403106,-0.022080,-0.001058,-0.004678
-0.087773,-0.269004,-0.402921,-0.022164,-0.001239,-0.004290
-0.088371,-0.269222,-0.402685,-0.022258,-0.001324,-0.004029
-0.089303,-0.269338,-0.402268,-0.022331,-0.001290,-0.004074
-0.090356,-0.269313,-0.401892,-0.022367,-0.001151,-0.004457
-0.091272,-0.269251,-0.401780,-0.022350,-0.000899,-0.005043
-0.091822,-0.269334,-0.401732,-0.022274,-0.000571,-0.005699
-0.091957,-0.269466,-0.401492,-0.022186,-0.000241,-0.006347
-0.091712,-0.269463,-0.401103,-0.022120,0.000039,-0.006896
-0.091104,-0.269396,-0.400753,-0.022075,0.000224,-0.007247
-0.090294,-0.269345,-0.400626,-0.022061,0.000277,-0.007349
-0.089585,-0.269156,-0.400861,-0.022121,0.000201,-0.007231
-0.089207,-0.268663,-0.401502,-0.022250,0.000028,-0.006998
-0.089160,-0.268006,-0.402501,-0.022381,-0.000187,-0.006728
-0.089291,-0.267511,-0.403777,-0.022454,-0.000383,-0.006405
-0.089452,-0.267307,-0.405073,-0.022438,-0.000539,-0.006029
-0.089627,-0.267402,-0.405845,-0.022340,-0.000633,-0.005673
-0.089946,-0.267869,-0.405576,-0.022201,-0.000623,-0.005404
-0.090403,-0.268583,-0.404267,-0.022061,-0.000512,-0.005259
-0.090705,-0.269199,-0.402482,-0.021935,-0.000343,-0.005276
-0.090638,-0.269573,-0.400931,-0.021859,-0.000140,-0.005477
-0.090314,-0.269857,-0.400213,-0.021865,0.000050,-0.005827
-0.089967,-0.270132,-0.400674,-0.021949,0.000147,-0.006208
-0.089763,-0.270194,-0.401965,-0.022077,0.000100,-0.006428
-0.089770,-0.269824,-0.403171,-0.022200,-0.000115,-0.006324
-0.089873,-0.269111,-0.403655,-0.022283,-0.000474,-0.005893
-0.089876,-0.268414,-0.403420,-0.022324,-0.000884,-0.005292
-0.089777,-0.268016,-0.402835,-0.022342,-0.001209,-0.004731
-0.089685,-0.267964,-0.402247,-0.022336,-0.001321,-0.004427
-0.089650,-0.268179,-0.401787,-0.022266,-0.001167,-0.004578
-0.089672,-0.268454,-0.401516,-0.022131,-0.000818,-0.005177
-0.089751,-0.268529,-0.401503,-0.022003,-0.000390,-0.005978
-0.089931,-0.268374,-0.401677,-0.021945,-0.000006,-0.006706
-0.090172,-0.268140,-0.401729,-0.022003,0.000213,-0.007172
-0.090306,-0.268033,-0.401428,-0.022175,0.000244,-0.007281
-0.090247,-0.268201,-0.400887,-0.022363,0.000124,-0.007088
-0.090014,-0.268469,-0.400436,-0.022486,-0.000088,-0.006728
-0.089651,-0.268448,-0.400441,-0.022542,-0.000288,-0.006315
-0.089236,-0.268007,-0.400913,-0.022519,-0.000412,-0.005987
-0.088794,-0.267384,-0.401364,-0.022406,-0.000471,-0.005862
-0.088312,-0.266878,-0.401329,-0.022270,-0.000490,-0.005867
-0.087937,-0.266737,-0.400889,-0.022190,-0.000521,-0.005817
-0.087896,-0.267035,-0.400617,-0.022187,-0.000614,-0.005585
-0.088254,-0.267575,-0.400873,-0.022250,-0.000756,-0.005147
-0.088879,-0.268110,-0.401356,-0.022337,-0.000939,-0.004635
-0.089548,-0.268488,-0.401622,-0.022400,-0.001128,-0.004279
-0.090165,-0.268700,-0.401649,-0.022425,-0.001207,-0.004224
-0.090768,-0.268891,-0.401550,-0.022404,-0.001096,-0.004503
-0.091312,-0.269098,-0.401338,-0.022327,-0.000841,-0.005075
-0.091629,-0.269151,-0.401187,-0.022222,-0.000570,-0.005796
-0.091660,-0.269014,-0.401283,-0.022138,-0.000385,-0.006449
-0.091493,-0.268832,-0.401519,-0.022095,-0.000314,-0.006838
-0.091131,-0.268710,-0.401868,-0.022099,-0.000341,-0.006883
-0.090564,-0.268698,-0.402518,-0.022128,-0.000418,-0.006634
-0.089982,-0.268827,-0.403383,-0.022134,-0.000498,-0.006233
-0.089672,-0.269019,-0.404026,-0.022096,-0.000541,-0.005860
-0.089688,-0.269095,-0.404014,-0.022050,-0.000527,-0.005630
-0.089819,-0.268941,-0.403360,-0.022040,-0.000508,-0.005548
-0.089929,-0.268652,-0.402598,-0.022088,-0.000528,-0.005550
-0.090014,-0.268397,-0.402212,-0.022194,-0.000576,-0.005545
-0.090079,-0.268216,-0.402163,-0.022325,-0.000643,-0.005465
-0.090158,-0.268067,-0.402183,-0.022411,-0.000715,-0.005313
-0.090216,-0.267953,-0.402194,-0.022412,-0.000746,-0.005160
-0.090107,-0.267923,-0.402191,-0.022363,-0.000703,-0.005121
-0.089753,-0.267956,-0.402141,-0.022302,-0.000580,-0.005289
-0.089293,-0.267936,-0.402009,-0.022240,-0.000378,-0.005663
-0.088922,-0.267776,-0.401753,-0.022193,-0.000130,-0.006147
-0.088764,-0.267488,-0.401522,-0.022173,0.000082,-0.006603
-0.088838,-0.267217,-0.401611,-0.022161,0.000163,-0.006890
-0.088954,-0.267113,-0.402030,-0.022134,0.000059,-0.006903
-0.088915,-0.267228,-0.402461,-0.022100,-0.000207,-0.006613
-0.088783,-0.267586,-0.402640,-0.022093,-0.000539,-0.006092
-0.088664,-0.268151,-0.402557,-0.022115,-0.000807,-0.005539
-0.088562,-0.268784,-0.402371,-0.022132,-0.000911,-0.005187
-0.088519,-0.269348,-0.402195,-0.022124,-0.000841,-0.005135
-0.088624,-0.269762,-0.401965,-0.022087,-0.000672,-0.005300
-,-,-,-,-,-
-0.001639,-0.004858,-0.007251,-0.000399,-0.000017,-0.000101
-0.009396,-0.027978,-0.041833,-0.002303,-0.000098,-0.000590
-0.025910,-0.077428,-0.116088,-0.006384,-0.000262,-0.001641
-0.047849,-0.143199,-0.215270,-0.011823,-0.000445,-0.003016
-0.069184,-0.206830,-0.311432,-0.017102,-0.000592,-0.004301
-0.085466,-0.254794,-0.383833,-0.021088,-0.000700,-0.005276
-0.094986,-0.282247,-0.425166,-0.023354,-0.000741,-0.005967
-0.098383,-0.291552,-0.439153,-0.024080,-0.000667,-0.006463
-0.097616,-0.288902,-0.435027,-0.023776,-0.000471,-0.006776
-0.094924,-0.280924,-0.422609,-0.023004,-0.000208,-0.006878
-0.092072,-0.272532,-0.409476,-0.022218,0.000010,-0.006759
-0.090006,-0.266446,-0.399987,-0.021708,0.000059,-0.006439
-0.088995,-0.263550,-0.395497,-0.021559,-0.000122,-0.005955
-0.088969,-0.263456,-0.395175,-0.021694,-0.000472,-0.005393
-0.089585,-0.265169,-0.397119,-0.021978,-0.000843,-0.004890
-0.090223,-0.267600,-0.399521,-0.022266,-0.001065,-0.004620
-0.090475,-0.269782,-0.401333,-0.022440,-0.001028,-0.004740
-0.090449,-0.271030,-0.402303,-0.022452,-0.000749,-0.005262
-0.090387,-0.271148,-0.402662,-0.022327,-0.000356,-0.006014
-0.090355,-0.270336,-0.402811,-0.022144,-0.000014,-0.006753
-0.090240,-0.269030,-0.403059,-0.022007,0.000138,-0.007251
-0.089924,-0.267852,-0.403332,-0.021978,0.000054,-0.007350
-0.089462,-0.267287,-0.403277,-0.022031,-0.000214,-0.007038
-0.088977,-0.267366,-0.402740,-0.022114,-0.000549,-0.006421
-0.088578,-0.267805,-0.402020,-0.022187,-0.000821,-0.005681
-0.088458,-0.268308,-0.401606,-0.022223,-0.000966,-0.005093
-0.088744,-0.268770,-0.401671,-0.022207,-0.000972,-0.004882
-0.089283,-0.269209,-0.401978,-0.022151,-0.000834,-0.005026
-0.089826,-0.269588,-0.402300,-0.022076,-0.000593,-0.005324
-0.090277,-0.269788,-0.402648,-0.022001,-0.000363,-0.005596
-0.090648,-0.269683,-0.402981,-0.021953,-0.000238,-0.005754
-0.090932,-0.269242,-0.403068,-0.021963,-0.000221,-0.005786
-0.091076,-0.268568,-0.402810,-0.022036,-0.000280,-0.005707
-0.091077,-0.267906,-0.402313,-0.022127,-0.000387,-0.005543
-0.090955,-0.267529,-0.401687,-0.022185,-0.000500,-0.005383
-0.090663,-0.267454,-0.401124,-0.022199,-0.000576,-0.005366
-0.090150,-0.267516,-0.400950,-0.022186,-0.000588,-0.005578
-0.089434,-0.267685,-0.401277,-0.022164,-0.000506,-0.005951
-0.088679,-0.268033,-0.401919,-0.022136,-0.000349,-0.006310
-0.088226,-0.268554,-0.402554,-0.022108,-0.000192,-0.006517
-0.088292,-0.269235,-0.402896,-0.022118,-0.000122,-0.006524
-0.088728,-0.270017,-0.403055,-0.022187,-0.000203,-0.006315
-0.089237,-0.270593,-0.403336,-0.022269,-0.000407,-0.005906
-0.089665,-0.270610,-0.403661,-0.022312,-0.000621,-0.005406
-0.090011,-0.270062,-0.403656,-0.022309,-0.000758,-0.004988
-0.090263,-0.269312,-0.403180,-0.022287,-0.000810,-0.004795
-0.090422,-0.268762,-0.402487,-0.022269,-0.000794,-0.004856
-0.090545,-0.268574,-0.401911,-0.022243,-0.000712,-0.005097
-0.090588,-0.268710,-0.401595,-0.022188,-0.000576,-0.005444
-0.090462,-0.268950,-0.401475,-0.022124,-0.000427,-0.005829
-0.090210,-0.268899,-0.401457,-0.022105,-0.000310,-0.006137
-0.089888,-0.268385,-0.401574,-0.022143,-0.000262,-0.006265
-0.089486,-0.267711,-0.401946,-0.022186,-0.000278,-0.006200
-0.089103,-0.267329,-0.402522,-0.022194,-0.000319,-0.006007
-0.088884,-0.267377,-0.403095,-0.022184,-0.000369,-0.005764
-0.088810,-0.267637,-0.403453,-0.022199,-0.000434,-0.005526
-0.088830,-0.267858,-0.403373,-0.022255,-0.000502,-0.005314
-0.089024,-0.267966,-0.402849,-0.022311,-0.000572,-0.005150
-0.089446,-0.267973,-0.402151,-0.022325,-0.000653,-0.005088
-0.089937,-0.267906,-0.401634,-0.022309,-0.000749,-0.005163
-0.090215,-0.267917,-0.401500,-0.022298,-0.000841,-0.005351
-0.090100,-0.268139,-0.401532,-0.022310,-0.000861,-0.005620
-0.089667,-0.268486,-0.401336,-0.022315,-0.000736,-0.005942
-0.089182,-0.268815,-0.400798,-0.022277,-0.000511,-0.006240
-0.088812,-0.269101,-0.400170,-0.022180,-0.000317,-0.006419
-0.088534,-0.269345,-0.399845,-0.022031,-0.000229,-0.006434
-0.088395,-0.269380,-0.399990,-0.021898,-0.000246,-0.006278
-0.088586,-0.269012,-0.400511,-0.021845,-0.000370,-0.005957
-0.089160,-0.268301,-0.401233,-0.021879,-0.000558,-0.005524
-0.089951,-0.267553,-0.401863,-0.021982,-0.000718,-0.005108
-0.090737,-0.267118,-0.402156,-0.022144,-0.000793,-0.004865
-0.091293,-0.267129,-0.402149,-0.022329,-0.000778,-0.004879
-0.091480,-0.267499,-0.402039,-0.022463,-0.000701,-0.005114
-0.091281,-0.268046,-0.402008,-0.022498,-0.000593,-0.005445
-0.090760,-0.268507,-0.402043,-0.022436,-0.000479,-0.005737
-0.090163,-0.268708,-0.401990,-0.022311,-0.000406,-0.005930
-0.089757,-0.268694,-0.401822,-0.022180,-0.000392,-0.006035
-0.089601,-0.268604,-0.401721,-0.022097,-0.000410,-0.006106
-0.089582,-0.268529,-0.401936,-0.022076,-0.000410,-0.006209
-0.089557,-0.268476,-0.402490,-0.022094,-0.000345,-0.006371
-0.089458,-0.268399,-0.403120,-0.022104,-0.000204,-0.006550
-0.089289,-0.268245,-0.403543,-0.022080,-0.000048,-0.006666
-0.089139,-0.268138,-0.403594,-0.022027,0.000023,-0.006641
-0.089125,-0.268282,-0.403177,-0.021963,-0.000027,-0.006431
-0.089265,-0.268625,-0.402233,-0.021913,-0.000172,-0.006039
-0.089411,-0.268989,-0.401016,-0.021906,-0.000396,-0.005508
-0.089430,-0.269184,-0.400114,-0.021970,-0.000665,-0.004944
-0.089393,-0.269032,-0.399806,-0.022100,-0.000895,-0.004497
-0.089352,-0.268613,-0.399867,-0.022246,-0.001023,-0.004292
-0.089179,-0.268194,-0.400055,-0.022337,-0.001020,-0.004400
-0.088837,-0.268058,-0.400259,-0.022290,-0.000872,-0.004830
-0.088471,-0.268329,-0.400380,-0.022077,-0.000615,-0.005514
-0.088215,-0.268686,-0.400466,-0.021787,-0.000303,-0.006307
-0.088043,-0.268730,-0.400697,-0.021568,-0.000003,-0.007016
-0.087899,-0.268426,-0.401098,-0.021501,0.000166,-0.007409
-0.087859,-0.267934,-0.401626,-0.021588,0.000085,-0.007289
-0.087950,-0.267401,-0.402230,-0.021801,-0.000256,-0.006647
-0.088138,-0.266996,-0.402687,-0.022081,-0.000742,-0.005707
-0.088539,-0.266901,-0.402807,-0.022333,-0.001229,-0.004783
-0.089261,-0.267113,-0.402609,-0.022476,-0.001591,-0.004123
-0.090202,-0.267478,-0.402290,-0.022503,-0.001724,-0.003872
-0.091014,-0.267937,-0.402183,-0.022450,-0.001610,-0.004086
-0.091298,-0.268514,-0.402328,-0.022328,-0.001305,-0.004691
-0.090953,-0.269109,-0.402371,-0.022149,-0.000892,-0.005529
-0.090256,-0.269471,-0.402141,-0.021953,-0.000461,-0.006428
-0.089683,-0.269412,-0.401889,-0.021807,-0.000094,-0.007165
-0.089496,-0.268917,-0.401922,-0.021779,0.000139,-0.007524
-0.089474,-0.268155,-0.402296,-0.021864,0.000192,-0.007454
-0.089339,-0.267424,-0.402789,-0.021974,0.000073,-0.007092
-0.089041,-0.266900,-0.403134,-0.022036,-0.000132,-0.006628
-0.088569,-0.266593,-0.403302,-0.022057,-0.000318,-0.006180
-0.088023,-0.266572,-0.403412,-0.022078,-0.000437,-0.005796
-0.087643,-0.266914,-0.403403,-0.022133,-0.000484,-0.005522
-0.087575,-0.267454,-0.403058,-0.022206,-0.000466,-0.005398
-0.087767,-0.267859,-0.402303,-0.022258,-0.000462,-0.005376
-0.088130,-0.267926,-0.401317,-0.022270,-0.000565,-0.005331
-0.088666,-0.267742,-0.400523,-0.022236,-0.000744,-0.005214
-0.089340,-0.267642,-0.400245,-0.022164,-0.000874,-0.005095
-0.089967,-0.267926,-0.400454,-0.022092,-0.000899,-0.005084
-0.090333,-0.268579,-0.401058,-0.022043,-0.000845,-0.005246
-0.090346,-0.269296,-0.401901,-0.021992,-0.000733,-0.005568
-0.090095,-0.269816,-0.402658,-0.021932,-0.000592,-0.005983
-0.089793,-0.270063,-0.403153,-0.021887,-0.000467,-0.006408
-0.089583,-0.269994,-0.403471,-0.021870,-0.000390,-0.006739
-0.089502,-0.269660,-0.403615,-0.021860,-0.000405,-0.006849
-0.089543,-0.269253,-0.403374,-0.021862,-0.000532,-0.006662
-0.089617,-0.268847,-0.402756,-0.021920,-0.000736,-0.006229
-0.089642,-0.268386,-0.402074,-0.022059,-0.000947,-0.005715
-,-,-,-,-,-
-0.001648,-0.004898,-0.007286,-0.000403,-0.000020,-0.000101
-0.009471,-0.028191,-0.041899,-0.002326,-0.000097,-0.000588
-0.026163,-0.078042,-0.115960,-0.006435,-0.000213,-0.001662
-0.048328,-0.144482,-0.214761,-0.011876,-0.000288,-0.003183
-0.069710,-0.208938,-0.310815,-0.017101,-0.000264,-0.004798
-0.085637,-0.257591,-0.383663,-0.021003,-0.000152,-0.006160
-0.094468,-0.285342,-0.425896,-0.023196,-0.000012,-0.007049
-0.097156,-0.294455,-0.440875,-0.023896,0.000088,-0.007418
-0.095892,-0.291078,-0.437335,-0.023643,0.000094,-0.007306
-0.092935,-0.281957,-0.424875,-0.023011,-0.000025,-0.006774
-0.089987,-0.272444,-0.411276,-0.022421,-0.000258,-0.005978
-0.088013,-0.265726,-0.401211,-0.022053,-0.000547,-0.005173
-0.087386,-0.262748,-0.396177,-0.021913,-0.000815,-0.004553
-0.087982,-0.262742,-0.395407,-0.021944,-0.001011,-0.004175
-0.089218,-0.264305,-0.397083,-0.022068,-0.001104,-0.004063
-0.090505,-0.266261,-0.399467,-0.022192,-0.001059,-0.004234
-0.091550,-0.267924,-0.401502,-0.022253,-0.000855,-0.004656
-0.092099,-0.269084,-0.402703,-0.022247,-0.000527,-0.005254
-0.091984,-0.269809,-0.403123,-0.022198,-0.000171,-0.005926
-0.091373,-0.270235,-0.403193,-0.022132,0.000121,-0.006584
-0.090633,-0.270471,-0.403088,-0.022070,0.000327,-0.007147
-0.090034,-0.270477,-0.402737,-0.022021,0.000440,-0.007506
-0.089629,-0.270167,-0.402288,-0.021987,0.000416,-0.007561
-0.089323,-0.269656,-0.401996,-0.021979,0.000257,-0.007307
-0.089055,-0.269171,-0.401857,-0.022015,0.000033,-0.006824
-0.088888,-0.268851,-0.401617,-0.022090,-0.000222,-0.006216
-0.088917,-0.268689,-0.401197,-0.022160,-0.000492,-0.005600
-0.089064,-0.268603,-0.400889,-0.022192,-0.000743,-0.005142
-0.089110,-0.268535,-0.400933,-0.022201,-0.000927,-0.004949
-0.088984,-0.268389,-0.401176,-0.022212,-0.001006,-0.004972
-0.088899,-0.268115,-0.401379,-0.022202,-0.000990,-0.005093
-0.089112,-0.267847,-0.401491,-0.022171,-0.000926,-0.005201
-0.089603,-0.267737,-0.401612,-0.022162,-0.000858,-0.005220
-0.090144,-0.267764,-0.401848,-0.022207,-0.000821,-0.005195
-0.090577,-0.267794,-0.402093,-0.022283,-0.000811,-0.005275
-0.090812,-0.267823,-0.402148,-0.022325,-0.000759,-0.005559
-0.090810,-0.268016,-0.401999,-0.022281,-0.000589,-0.006028
-0.090663,-0.268379,-0.401780,-0.022150,-0.000306,-0.006575
-0.090498,-0.268674,-0.401638,-0.021984,-0.000020,-0.007048
-0.090310,-0.268788,-0.401600,-0.021861,0.000164,-0.007305
-0.090057,-0.268828,-0.401492,-0.021827,0.000188,-0.007278
-0.089818,-0.268899,-0.401218,-0.021868,0.000035,-0.006978
-0.089663,-0.268964,-0.400934,-0.021944,-0.000229,-0.006500
-0.089531,-0.268915,-0.400790,-0.022034,-0.000467,-0.006015
-0.089332,-0.268721,-0.400876,-0.022121,-0.000581,-0.005683
-0.089082,-0.268414,-0.401245,-0.022172,-0.000565,-0.005561
-0.088908,-0.267975,-0.401707,-0.022163,-0.000485,-0.005574
-0.088850,-0.267377,-0.402004,-0.022111,-0.000436,-0.005594
-0.088811,-0.266792,-0.401997,-0.022052,-0.000487,-0.005528
-0.088813,-0.266598,-0.401704,-0.022023,-0.000642,-0.005333
-0.088995,-0.267024,-0.401421,-0.022049,-0.000850,-0.005055
-0.089343,-0.267953,-0.401391,-0.022115,-0.001025,-0.004845
-0.089683,-0.269088,-0.401567,-0.022209,-0.001100,-0.004867
-0.089866,-0.270128,-0.401821,-0.022310,-0.001053,-0.005172
-0.089896,-0.270807,-0.401960,-0.022350,-0.000884,-0.005640
-0.089907,-0.270947,-0.401786,-0.022282,-0.000640,-0.006071
-0.089985,-0.270573,-0.401372,-0.022159,-0.000424,-0.006330
-0.090057,-0.269907,-0.400959,-0.022077,-0.000303,-0.006392
-0.090056,-0.269258,-0.400663,-0.022074,-0.000276,-0.006303
-0.090033,-0.268788,-0.400556,-0.022125,-0.000292,-0.006150
-0.089957,-0.268427,-0.400765,-0.022179,-0.000289,-0.006027
-0.089687,-0.268210,-0.401292,-0.022209,-0.000232,-0.006025
-0.089203,-0.268332,-0.401914,-0.022208,-0.000080,-0.006253
-0.088600,-0.268758,-0.402386,-0.022174,0.000136,-0.006755
-0.088014,-0.269135,-0.402583,-0.022127,0.000287,-0.007351
-0.087636,-0.269121,-0.402498,-0.022117,0.000263,-0.007696
-0.087527,-0.268635,-0.402240,-0.022170,0.000004,-0.007527
-0.087521,-0.267926,-0.401966,-0.022254,-0.000473,-0.006767
-0.087576,-0.267310,-0.401816,-0.022336,-0.001063,-0.005563
-0.087883,-0.266867,-0.401872,-0.022416,-0.001604,-0.004330
-0.088526,-0.266680,-0.402170,-0.022479,-0.001929,-0.003560
-0.089286,-0.266895,-0.402544,-0.022466,-0.001941,-0.003514
-0.089872,-0.267439,-0.402556,-0.022309,-0.001613,-0.004105
-0.090268,-0.268170,-0.401989,-0.022028,-0.001024,-0.005024
-0.090654,-0.269078,-0.401138,-0.021752,-0.000368,-0.005947
-0.091063,-0.270070,-0.400454,-0.021590,0.000146,-0.006624
-0.091333,-0.270932,-0.400283,-0.021607,0.000355,-0.006876
-0.091342,-0.271437,-0.400625,-0.021825,0.000217,-0.006616
-0.091218,-0.271440,-0.400980,-0.022116,-0.000075,-0.005980
-0.091271,-0.271017,-0.401063,-0.022306,-0.000346,-0.005309
-0.091688,-0.270195,-0.401132,-0.022365,-0.000579,-0.004966
-0.092267,-0.268972,-0.401461,-0.022379,-0.000698,-0.005208
-0.092625,-0.267544,-0.402122,-0.022413,-0.000616,-0.005965
-0.092507,-0.266399,-0.403065,-0.022395,-0.000371,-0.006791
-0.091901,-0.266028,-0.404145,-0.022228,-0.000095,-0.007248
-0.091053,-0.266243,-0.404958,-0.021981,0.000110,-0.007291
-0.090133,-0.266560,-0.405093,-0.021808,0.000256,-0.007163
-0.089172,-0.266782,-0.404551,-0.021756,0.000398,-0.007038
-0.088271,-0.266902,-0.403662,-0.021753,0.000559,-0.006955
-0.087602,-0.267079,-0.402823,-0.021739,0.000645,-0.006870
-0.087282,-0.267442,-0.402143,-0.021727,0.000556,-0.006716
-0.087245,-0.267947,-0.401529,-0.021762,0.000292,-0.006490
-0.087426,-0.268390,-0.401038,-0.021910,-0.000168,-0.006132
-0.087691,-0.268830,-0.400913,-0.022122,-0.000734,-0.005511
-0.087813,-0.269700,-0.401356,-0.022255,-0.001213,-0.004598
-0.087952,-0.270779,-0.401968,-0.022289,-0.001574,-0.003589
-0.088395,-0.271244,-0.402048,-0.022302,-0.001822,-0.002874
-0.089078,-0.270745,-0.401406,-0.022359,-0.001836,-0.002779
-0.089754,-0.269569,-0.400474,-0.022429,-0.001550,-0.003359
-0.090310,-0.268312,-0.399820,-0.022412,-0.001080,-0.004390
-0.090721,-0.267493,-0.399686,-0.022290,-0.000571,-0.005472
-0.090850,-0.267290,-0.400062,-0.022113,-0.000054,-0.006363
-0.090568,-0.267541,-0.400665,-0.021938,0.000411,-0.007143
-0.089953,-0.267913,-0.401111,-0.021801,0.000707,-0.007935
-0.089199,-0.268196,-0.401379,-0.021677,0.000822,-0.008619
-0.088422,-0.268489,-0.401766,-0.021537,0.000821,-0.008911
-0.087624,-0.268884,-0.402355,-0.021443,0.000706,-0.008671
-0.086825,-0.269231,-0.402765,-0.021499,0.000424,-0.008033
-0.086140,-0.269404,-0.402673,-0.021743,-0.000043,-0.007233
-0.085813,-0.269347,-0.402220,-0.022107,-0.000637,-0.006353
-0.086068,-0.269038,-0.401772,-0.022465,-0.001252,-0.005308
-0.086978,-0.268521,-0.401527,-0.022720,-0.001699,-0.004197
-0.088408,-0.267848,-0.401380,-0.022855,-0.001930,-0.003535
-0.089905,-0.267374,-0.401585,-0.022922,-0.002028,-0.003611
-0.091043,-0.267558,-0.402520,-0.022930,-0.001880,-0.004048
-0.091730,-0.268298,-0.403648,-0.022766,-0.001497,-0.004559
-0.092007,-0.269076,-0.404319,-0.022465,-0.001124,-0.005170
-0.092032,-0.269454,-0.404530,-0.022253,-0.000818,-0.005677
-0.092023,-0.269339,-0.404372,-0.022131,-0.000689,-0.005849
-0.092033,-0.268855,-0.403877,-0.022014,-0.000853,-0.005649
-0.092131,-0.268288,-0.403238,-0.022032,-0.001114,-0.005098
-0.092463,-0.267925,-0.402548,-0.022201,-0.001316,-0.004512
-0.092730,-0.268277,-0.402009,-0.022300,-0.001476,-0.004230
-0.092402,-0.270138,-0.402235,-0.022206,-0.001525,-0.004112
-0.091137,-0.274455,-0.404372,-0.021758,-0.001652,-0.003436
-0.088933,-0.282107,-0.409255,-0.020726,-0.002279,-0.001072
-0.086976,-0.290312,-0.414041,-0.019505,-0.002904,0.002781
-0.086896,-0.293317,-0.414436,-0.018774,-0.002984,0.005964
-,-,-,-,-,-
-0.001699,-0.004872,-0.007499,-0.000638,-0.000178,-0.000640
-0.009744,-0.027776,-0.042984,-0.003193,-0.001060,-0.003061
-0.026826,-0.076027,-0.118328,-0.007850,-0.002705,-0.007161
-0.049282,-0.139887,-0.217921,-0.013348,-0.004143,-0.011395
-0.070461,-0.202990,-0.314080,-0.018298,-0.004561,-0.014281
-0.085403,-0.252863,-0.386841,-0.021858,-0.004090,-0.015287
-0.092649,-0.283325,-0.428974,-0.023653,-0.003415,-0.014075
-0.093894,-0.294754,-0.443372,-0.023815,-0.003062,-0.010803
-0.091818,-0.292484,-0.438956,-0.023124,-0.002947,-0.007161
-0.088656,-0.283786,-0.426197,-0.022367,-0.002790,-0.004416
-0.086236,-0.274272,-0.412738,-0.021890,-0.002414,-0.002637
-0.085474,-0.267096,-0.402803,-0.021734,-0.001830,-0.001974
-0.086095,-0.263554,-0.397662,-0.021742,-0.001240,-0.002472
-0.087406,-0.263197,-0.396254,-0.021768,-0.000709,-0.003761
-0.088876,-0.264648,-0.397042,-0.021792,-0.000234,-0.005146
-0.090229,-0.266526,-0.398613,-0.021881,0.000040,-0.005910
-0.091241,-0.268116,-0.400007,-0.022087,-0.000040,-0.005784
-0.091852,-0.269268,-0.401070,-0.022355,-0.000439,-0.004986
-0.092212,-0.269975,-0.401868,-0.022555,-0.000960,-0.004063
-0.092346,-0.270270,-0.402245,-0.022608,-0.001347,-0.003627
-0.092212,-0.270173,-0.402075,-0.022526,-0.001351,-0.004034
-0.091864,-0.269743,-0.401498,-0.022318,-0.000913,-0.005288
-0.091215,-0.269092,-0.400714,-0.022008,-0.000205,-0.007049
-0.090160,-0.268285,-0.399774,-0.021744,0.000530,-0.008683
-0.088834,-0.267255,-0.398765,-0.021762,0.001088,-0.009729
-0.087438,-0.266487,-0.398279,-0.022026,0.001183,-0.009996
-0.086321,-0.266838,-0.398603,-0.022138,0.000553,-0.009137
-0.085814,-0.267905,-0.399253,-0.022002,-0.000510,-0.007255
-0.085771,-0.268701,-0.400017,-0.021833,-0.001444,-0.005112
-0.086013,-0.269183,-0.400760,-0.021689,-0.002061,-0.003348
-0.086546,-0.269658,-0.401278,-0.021620,-0.002322,-0.002414
-0.087216,-0.269891,-0.401559,-0.021694,-0.002137,-0.002539
-0.087784,-0.269543,-0.401694,-0.021898,-0.001588,-0.003556
-0.088144,-0.268982,-0.401992,-0.022168,-0.000950,-0.004939
-0.088415,-0.268750,-0.402484,-0.022409,-0.000522,-0.005999
-0.088794,-0.268812,-0.402900,-0.022561,-0.000461,-0.006263
-0.089296,-0.268952,-0.403078,-0.022619,-0.000681,-0.005713
-0.089840,-0.269137,-0.402885,-0.022595,-0.000974,-0.004780
-0.090378,-0.269287,-0.402286,-0.022484,-0.001152,-0.004057
-0.090898,-0.269378,-0.401599,-0.022307,-0.001132,-0.003923
-0.091360,-0.269520,-0.401134,-0.022131,-0.000932,-0.004366
-0.091620,-0.269643,-0.400801,-0.022017,-0.000593,-0.005147
-0.091547,-0.269530,-0.400468,-0.021999,-0.000189,-0.006026
-0.091093,-0.269103,-0.400127,-0.022084,0.000151,-0.006822
-0.090241,-0.268635,-0.399882,-0.022218,0.000320,-0.007358
-0.089108,-0.268462,-0.399991,-0.022313,0.000296,-0.007510
-0.088104,-0.268564,-0.400531,-0.022320,0.000148,-0.007332
-0.087736,-0.268785,-0.401263,-0.022256,-0.000021,-0.007017
-0.088064,-0.269031,-0.401887,-0.022183,-0.000144,-0.006757
-0.088653,-0.269239,-0.402306,-0.022145,-0.000226,-0.006601
-0.089059,-0.269389,-0.402585,-0.022109,-0.000237,-0.006478
-0.089147,-0.269172,-0.402351,-0.022061,-0.000020,-0.006454
-0.089225,-0.268005,-0.401319,-0.022099,0.000206,-0.006528
-0.089887,-0.266143,-0.400277,-0.022042,-0.000248,-0.006005
-0.091326,-0.264668,-0.399653,-0.021670,-0.001405,-0.004536
-0.092985,-0.263824,-0.399129,-0.021423,-0.002439,-0.003621
-0.094250,-0.262899,-0.398810,-0.021852,-0.002721,-0.005172
-0.094841,-0.262580,-0.399307,-0.022783,-0.002260,-0.008623
-0.094715,-0.264532,-0.401069,-0.023319,-0.001625,-0.011213
-0.094088,-0.267884,-0.403322,-0.022887,-0.001291,-0.011805
-0.092974,-0.270283,-0.404778,-0.021865,-0.001157,-0.011473
-0.091283,-0.271012,-0.405034,-0.020942,-0.001023,-0.010746
-0.089304,-0.271060,-0.404799,-0.020559,-0.000965,-0.009448
-0.087527,-0.271476,-0.404634,-0.020649,-0.001240,-0.007558
-0.086447,-0.271776,-0.403973,-0.021034,-0.001791,-0.005367
-0.086283,-0.271275,-0.402850,-0.021694,-0.002122,-0.003374
-0.086867,-0.270418,-0.402050,-0.022333,-0.001940,-0.002167
-0.087890,-0.269712,-0.401316,-0.022501,-0.001307,-0.002550
-0.088953,-0.269103,-0.399936,-0.022236,-0.000310,-0.004759
-0.089621,-0.268339,-0.398489,-0.021950,0.000829,-0.007542
-0.089721,-0.267773,-0.398380,-0.021666,0.001407,-0.008905
-0.089630,-0.267877,-0.399326,-0.021216,0.000842,-0.008015
-0.089659,-0.268320,-0.399863,-0.021035,-0.000518,-0.005859
-0.089623,-0.268740,-0.400049,-0.021602,-0.001902,-0.003766
-0.089490,-0.269003,-0.400584,-0.022568,-0.002746,-0.002419
-0.089241,-0.268856,-0.401476,-0.023276,-0.002679,-0.002310
-0.088762,-0.268379,-0.402197,-0.023245,-0.001865,-0.003386
-0.088285,-0.267964,-0.401917,-0.022524,-0.000902,-0.005116
-0.088069,-0.267954,-0.401077,-0.021764,-0.000215,-0.007169
-0.088176,-0.268259,-0.400560,-0.021438,-0.000066,-0.008927
-0.088710,-0.268397,-0.400237,-0.021872,-0.000686,-0.009973
-0.090169,-0.268277,-0.399946,-0.023178,-0.002216,-0.010407
-0.092579,-0.269359,-0.400074,-0.024563,-0.004130,-0.009096
-0.094542,-0.274090,-0.401738,-0.024704,-0.005574,-0.004444
-0.094967,-0.281194,-0.404677,-0.023160,-0.006227,0.001605
-0.094177,-0.285816,-0.406955,-0.020941,-0.005848,0.004805
-0.092787,-0.285486,-0.407690,-0.019395,-0.004203,0.003912
-0.091303,-0.281501,-0.407094,-0.019008,-0.001932,0.000816
-0.090162,-0.276813,-0.405675,-0.019449,-0.000224,-0.002302
-0.089728,-0.274673,-0.404429,-0.020135,0.000066,-0.003498
-0.090089,-0.277630,-0.404511,-0.020358,-0.001565,-0.001008
-0.090587,-0.284134,-0.405867,-0.019616,-0.004602,0.005314
-0.090472,-0.288918,-0.407387,-0.017889,-0.007803,0.013779
-0.089842,-0.288304,-0.407602,-0.015826,-0.009882,0.020412
-0.089139,-0.281750,-0.405486,-0.014656,-0.009772,0.020300
-0.088506,-0.271185,-0.401905,-0.015195,-0.007813,0.012470
-0.087920,-0.260575,-0.398957,-0.017337,-0.005024,0.000252
-0.087091,-0.254129,-0.398103,-0.019972,-0.002233,-0.010785
-0.085789,-0.253638,-0.398975,-0.021734,-0.000380,-0.015533
-0.084463,-0.257921,-0.400397,-0.022232,0.000162,-0.013321
-0.084245,-0.263902,-0.401529,-0.022067,-0.000194,-0.007714
-0.085881,-0.268294,-0.401902,-0.021941,-0.000918,-0.003186
-0.088763,-0.269559,-0.401176,-0.021999,-0.001581,-0.001927
-0.091695,-0.268408,-0.399501,-0.022197,-0.001708,-0.003003
-0.093837,-0.266953,-0.398222,-0.022465,-0.001132,-0.004522
-0.094875,-0.266479,-0.397983,-0.022525,-0.000303,-0.005846
-0.094726,-0.267070,-0.398343,-0.022342,0.000161,-0.007280
-0.093477,-0.268808,-0.399509,-0.022180,0.000043,-0.008350
-0.091762,-0.271086,-0.401292,-0.022119,-0.000323,-0.008180
-0.090435,-0.272564,-0.402384,-0.022078,-0.000482,-0.007025
-0.089904,-0.272624,-0.402124,-0.022092,-0.000410,-0.005837
-0.090168,-0.271771,-0.401215,-0.022124,-0.000266,-0.005321
-0.090940,-0.270812,-0.400590,-0.021962,-0.000172,-0.005735
-0.091514,-0.270085,-0.400587,-0.021657,-0.000138,-0.006638
-0.091348,-0.269653,-0.401056,-0.021509,0.000035,-0.007245
-0.090642,-0.269540,-0.401589,-0.021550,0.000262,-0.007288
-0.089823,-0.269607,-0.401850,-0.021649,0.000330,-0.007036
-0.089182,-0.269695,-0.401898,-0.021813,0.000287,-0.006755
-0.088811,-0.269644,-0.401977,-0.021997,0.000120,-0.006554
-0.088615,-0.269373,-0.402126,-0.022113,-0.000103,-0.006451
-0.088546,-0.268962,-0.402047,-0.022182,-0.000123,-0.006444
-0.088517,-0.268525,-0.401582,-0.022236,0.000040,-0.006558
-0.088429,-0.268075,-0.400829,-0.022255,0.000083,-0.006598
-0.088407,-0.267617,-0.399915,-0.022263,-0.000160,-0.006187
-0.088636,-0.267352,-0.399155,-0.022304,-0.000699,-0.005174
-0.089102,-0.267520,-0.398847,-0.022380,-0.001472,-0.003767
-0.089671,-0.268079,-0.399036,-0.022501,-0.002269,-0.002399
-0.090329,-0.268653,-0.399551,-0.022644,-0.002792,-0.001576
-,-,-,-,-,-
-0.001571,-0.004803,-0.007258,-0.000372,0.000070,-0.000270
-0.009022,-0.027781,-0.041895,-0.002165,0.000333,-0.001453
-0.024857,-0.077214,-0.116219,-0.006086,0.000686,-0.003592
-0.045766,-0.143374,-0.215371,-0.011458,0.000739,-0.005584
-0.065956,-0.207864,-0.311509,-0.016847,0.000204,-0.006317
-0.081378,-0.256921,-0.384090,-0.021124,-0.000809,-0.005636
-0.090726,-0.285298,-0.425702,-0.023793,-0.001889,-0.004112
-0.094975,-0.295117,-0.439692,-0.024873,-0.002693,-0.002473
-0.096107,-0.292524,-0.435183,-0.024773,-0.003093,-0.001215
-0.095884,-0.284175,-0.422371,-0.024084,-0.003091,-0.000548
-0.095408,-0.275191,-0.409052,-0.023287,-0.002803,-0.000574
-0.095148,-0.268546,-0.399477,-0.022635,-0.002371,-0.001306
-0.095086,-0.265170,-0.394925,-0.022189,-0.001817,-0.002605
-0.095008,-0.264541,-0.394572,-0.021881,-0.001101,-0.004365
-0.094739,-0.265596,-0.396626,-0.021631,-0.000233,-0.006555
-0.094187,-0.267368,-0.399514,-0.021427,0.000722,-0.008891
-0.093343,-0.269097,-0.402114,-0.021272,0.001597,-0.010736
-0.092239,-0.270256,-0.403635,-0.021185,0.002088,-0.011487
-0.090950,-0.270666,-0.403900,-0.021277,0.001930,-0.010857
-0.089726,-0.270462,-0.403176,-0.021613,0.001106,-0.008933
-0.088988,-0.269934,-0.401825,-0.022074,-0.000176,-0.006159
-0.089047,-0.269500,-0.400338,-0.022483,-0.001543,-0.003207
-0.089870,-0.269585,-0.399196,-0.022742,-0.002570,-0.000907
-0.091142,-0.270058,-0.398743,-0.022822,-0.002968,-0.000073
-0.092462,-0.270374,-0.399139,-0.022732,-0.002621,-0.001033
-0.093440,-0.270324,-0.400111,-0.022493,-0.001606,-0.003400
-0.093725,-0.270006,-0.400992,-0.022154,-0.000276,-0.006361
-0.093146,-0.269484,-0.401394,-0.021831,0.000902,-0.009027
-0.091997,-0.268758,-0.401578,-0.021668,0.001624,-0.010636
-0.090775,-0.267850,-0.401878,-0.021718,0.001750,-0.010770
-0.089722,-0.266983,-0.402289,-0.021924,0.001270,-0.009506
-0.089011,-0.266498,-0.402714,-0.022199,0.000386,-0.007399
-0.088848,-0.266551,-0.403021,-0.022416,-0.000565,-0.005265
-0.089203,-0.267022,-0.403014,-0.022461,-0.001277,-0.003870
-0.089795,-0.267653,-0.402730,-0.022336,-0.001544,-0.003587
-0.090231,-0.268283,-0.402344,-0.022091,-0.001342,-0.004285
-0.090311,-0.268960,-0.401888,-0.021774,-0.000860,-0.005489
-0.090175,-0.269750,-0.401404,-0.021502,-0.000390,-0.006587
-0.090010,-0.270479,-0.400983,-0.021423,-0.000196,-0.007061
-0.089966,-0.270856,-0.400682,-0.021585,-0.000399,-0.006721
-0.090177,-0.270839,-0.400520,-0.021898,-0.000894,-0.005741
-0.090623,-0.270593,-0.400463,-0.022242,-0.001423,-0.004530
-0.091245,-0.270175,-0.400452,-0.022520,-0.001746,-0.003562
-0.091986,-0.269578,-0.400443,-0.022678,-0.001747,-0.003217
-0.092582,-0.268925,-0.400397,-0.022699,-0.001467,-0.003599
-0.092798,-0.268408,-0.400299,-0.022582,-0.001061,-0.004448
-0.092753,-0.268173,-0.400182,-0.022365,-0.000679,-0.005324
-0.092706,-0.268293,-0.400018,-0.022130,-0.000377,-0.005936
-0.092776,-0.268703,-0.399676,-0.021940,-0.000162,-0.006290
-0.092994,-0.269198,-0.399095,-0.021822,-0.000042,-0.006519
-0.093356,-0.269583,-0.398491,-0.021793,0.000013,-0.006639
-0.093667,-0.269781,-0.398247,-0.021819,0.000032,-0.006565
-0.093652,-0.269824,-0.398552,-0.021834,0.000023,-0.006317
-0.093336,-0.269825,-0.399256,-0.021845,0.000012,-0.006081
-0.092980,-0.269774,-0.399934,-0.021901,0.000035,-0.006079
-0.092685,-0.269562,-0.400176,-0.021985,0.000069,-0.006308
-0.092363,-0.269375,-0.400194,-0.022056,0.000032,-0.006384
-0.092002,-0.269634,-0.400529,-0.022119,-0.000061,-0.005981
-0.091649,-0.270401,-0.401147,-0.022171,-0.000119,-0.005461
-0.091265,-0.271071,-0.401513,-0.022213,-0.000157,-0.005570
-0.090749,-0.270923,-0.401286,-0.022236,-0.000204,-0.006463
-0.090047,-0.269851,-0.400596,-0.022154,-0.000174,-0.007454
-0.089277,-0.268410,-0.399827,-0.021927,-0.000026,-0.007814
-0.088713,-0.267310,-0.399384,-0.021699,0.000082,-0.007454
-0.088608,-0.266913,-0.399633,-0.021670,-0.000108,-0.006741
-0.088983,-0.267131,-0.400715,-0.021867,-0.000682,-0.005834
-0.089671,-0.267711,-0.402185,-0.022133,-0.001409,-0.004612
-0.090534,-0.268518,-0.403350,-0.022140,-0.001869,-0.003324
-0.090443,-0.271173,-0.406678,-0.015726,-0.006324,-0.010034
-0.085025,-0.276408,-0.417259,0.005405,-0.022802,-0.040931
-0.068944,-0.276468,-0.432912,0.031596,-0.045227,-0.092017
-0.042098,-0.262819,-0.444763,0.040578,-0.051733,-0.125143
-0.012272,-0.240688,-0.448780,0.020877,-0.027842,-0.103073
0.006931,-0.223411,-0.444705,-0.023909,0.021037,-0.027064
0.002302,-0.221064,-0.431883,-0.078108,0.074448,0.070193
-0.028516,-0.237054,-0.411582,-0.119621,0.112342,0.149104
-0.069658,-0.262101,-0.385473,-0.133452,0.130309,0.170472
-0.098927,-0.276201,-0.359044,-0.120114,0.137743,0.119877
-0.107660,-0.267840,-0.347177,-0.089908,0.144900,0.030814
-0.101338,-0.246440,-0.361594,-0.054954,0.154206,-0.048339
-0.088494,-0.233527,-0.394223,-0.025886,0.161040,-0.093173
-0.075372,-0.243929,-0.425419,-0.008396,0.160851,-0.101404
-0.067743,-0.273708,-0.443368,-0.003061,0.153175,-0.083548
-0.069211,-0.306162,-0.446827,-0.007412,0.134730,-0.056914
-0.070273,-0.325402,-0.442282,-0.018129,0.097862,-0.034345
-0.049857,-0.322416,-0.440756,-0.035159,0.050711,-0.015497
-0.000996,-0.302494,-0.443804,-0.058632,0.021701,0.023237
0.054254,-0.289395,-0.441562,-0.080816,0.033612,0.108028
0.077585,-0.307360,-0.431187,-0.088310,0.097218,0.214180
0.031255,-0.362772,-0.420696,-0.074780,0.206460,0.277506
-0.095037,-0.452178,-0.415117,-0.041913,0.304764,0.268640
-0.255517,-0.572044,-0.416337,0.025936,0.305514,0.216570
-0.354049,-0.687487,-0.431932,0.162589,0.175095,0.144678
-0.313122,-0.711714,-0.462895,0.358305,-0.020750,0.053785
-0.171583,-0.602872,-0.490197,0.528336,-0.154669,-0.019198
-0.049361,-0.443124,-0.494956,0.591949,-0.142967,-0.059890
-0.014039,-0.328585,-0.477886,0.552929,-0.011427,-0.112733
-0.054102,-0.275214,-0.452077,0.473431,0.144545,-0.177163
-0.124758,-0.265754,-0.431885,0.408841,0.239602,-0.215290
-0.177261,-0.282825,-0.425458,0.381948,0.250111,-0.224418
-0.186071,-0.309563,-0.431046,0.389669,0.209047,-0.223635
-0.160573,-0.336419,-0.438834,0.418920,0.161639,-0.225544
-0.126753,-0.359778,-0.437781,0.458544,0.130421,-0.229230
-0.102520,-0.381408,-0.425030,0.502206,0.114302,-0.227959
-0.090569,-0.404307,-0.406772,0.547393,0.105888,-0.220099
-0.087124,-0.425854,-0.390520,0.594980,0.100902,-0.210098
-0.089620,-0.436224,-0.379583,0.645767,0.097543,-0.207478
-0.095953,-0.426603,-0.373280,0.695581,0.092989,-0.219926
-0.100849,-0.400335,-0.369974,0.737285,0.082471,-0.241428
-0.097643,-0.366307,-0.368270,0.768474,0.065597,-0.255390
-0.086761,-0.327921,-0.365966,0.791364,0.048500,-0.248801
-0.075383,-0.290687,-0.359952,0.806515,0.035043,-0.218061
-0.069389,-0.265873,-0.347803,0.813747,0.020894,-0.166303
-0.070697,-0.256243,-0.329006,0.810391,-0.000960,-0.103148
-0.073215,-0.257275,-0.305400,0.790258,-0.030301,-0.043163
-0.067229,-0.268752,-0.279656,0.751941,-0.060158,0.004334
-0.052743,-0.288385,-0.252176,0.697650,-0.086934,0.037907
-0.035374,-0.311468,-0.223578,0.630765,-0.114762,0.055376
-0.016140,-0.336560,-0.197338,0.560002,-0.147542,0.055126
0.005381,-0.359799,-0.175812,0.492143,-0.177440,0.043097
0.027613,-0.378798,-0.159282,0.425959,-0.188537,0.027269
0.045190,-0.398043,-0.147867,0.362288,-0.172698,0.010330
0.048438,-0.419690,-0.141905,0.310301,-0.138557,-0.006311
0.035022,-0.437118,-0.142018,0.278777,-0.105992,-0.019612
0.018928,-0.437504,-0.146285,0.265583,-0.088407,-0.030212
0.016667,-0.413306,-0.150057,0.256685,-0.081260,-0.041195
0.026824,-0.375583,-0.150790,0.236639,-0.071470,-0.051768
0.034845,-0.348393,-0.148433,0.203131,-0.053075,-0.061357
-,-,-,-,-,-
0.000400,-0.008245,-0.002510,0.002418,0.000314,0.001236
0.001588,-0.047860,-0.014039,0.013590,0.001716,0.007421
0.001446,-0.134181,-0.037478,0.036708,0.003101,0.021333
-0.003565,-0.253267,-0.067430,0.065523,-0.000519,0.040622
-0.013577,-0.375307,-0.096463,0.088832,-0.013154,0.058305
-0.025338,-0.473779,-0.118931,0.099952,-0.032067,0.066071
-0.033682,-0.533106,-0.133254,0.101105,-0.049771,0.060859
-0.033841,-0.550448,-0.143022,0.097667,-0.059363,0.047854
-0.026913,-0.533862,-0.150745,0.092312,-0.057996,0.033760
-0.017969,-0.498389,-0.155388,0.085991,-0.047252,0.022011
-0.011129,-0.460826,-0.156355,0.079875,-0.031328,0.014293
-0.009144,-0.434301,-0.154466,0.075339,-0.015319,0.010800
-0.011933,-0.423879,-0.150519,0.072457,-0.003419,0.009342
-0.016064,-0.427674,-0.145040,0.069669,0.002982,0.006802
-0.017631,-0.441981,-0.139298,0.066295,0.006080,0.002378
-0.017701,-0.464968,-0.134635,0.065969,0.007756,-0.002660
-0.018885,-0.494899,-0.131619,0.074834,0.005662,-0.010797
-0.016430,-0.523667,-0.131401,0.092735,0.000514,-0.027288
-0.008714,-0.537732,-0.133961,0.111112,-0.000450,-0.050480
-0.003617,-0.528636,-0.137214,0.120855,0.005073,-0.072234
-0.004820,-0.499799,-0.140386,0.117782,0.011415,-0.086192
-0.008855,-0.462255,-0.143765,0.102605,0.013566,-0.089809
-0.011168,-0.426747,-0.146491,0.078792,0.010639,-0.084139
-0.008491,-0.401342,-0.146930,0.050662,0.005126,-0.073907
-0.000690,-0.392167,-0.143898,0.022563,0.001734,-0.064273
0.008061,-0.402860,-0.137737,-0.001269,0.004453,-0.057199
0.011044,-0.431972,-0.130198,-0.016977,0.013144,-0.051444
0.004890,-0.470522,-0.123113,-0.022266,0.023053,-0.044520
-0.007075,-0.504669,-0.117450,-0.017736,0.028476,-0.034370
-0.018479,-0.522965,-0.113823,-0.006966,0.026747,-0.020953
-0.024779,-0.521208,-0.113292,0.004878,0.019249,-0.006709
-0.024422,-0.502094,-0.116306,0.013100,0.010151,0.005371
-0.017670,-0.472568,-0.121536,0.015046,0.004176,0.014232
-0.006232,-0.441059,-0.126285,0.010353,0.004189,0.021089
0.006960,-0.415324,-0.127607,0.000445,0.010264,0.028057
0.018531,-0.400755,-0.124172,-0.011945,0.020771,0.036984
0.025159,-0.399368,-0.117139,-0.023363,0.033340,0.049005
0.025211,-0.409227,-0.109023,-0.030416,0.045182,0.064691
0.019835,-0.424085,-0.102406,-0.031076,0.054265,0.084338
0.011035,-0.435752,-0.099334,-0.026160,0.059890,0.107578
0.000919,-0.438307,-0.100976,-0.019121,0.061735,0.133047
-0.007038,-0.430268,-0.106773,-0.014992,0.060023,0.159140
-0.009635,-0.414451,-0.114325,-0.019449,0.056542,0.184016
-0.007315,-0.397228,-0.121449,-0.036018,0.054189,0.204107
-0.004105,-0.387037,-0.127386,-0.063203,0.055648,0.214295
-0.003407,-0.390238,-0.131732,-0.095036,0.061978,0.211114
-0.005102,-0.407564,-0.133996,-0.124095,0.072206,0.195599
-0.007899,-0.435505,-0.134340,-0.144614,0.084221,0.172487
-0.011707,-0.468405,-0.133933,-0.154216,0.095683,0.147602
-0.016192,-0.498780,-0.134829,-0.154287,0.105028,0.126150
-0.019680,-0.519446,-0.139060,-0.149279,0.112415,0.110953
-0.019775,-0.526425,-0.147203,-0.144548,0.119557,0.101381
-0.013677,-0.519992,-0.158270,-0.143472,0.128540,0.094957
0.000360,-0.504676,-0.170437,-0.146345,0.140876,0.089350
0.019729,-0.487558,-0.181488,-0.151905,0.157341,0.083124
0.037497,-0.475369,-0.189835,-0.159023,0.177607,0.075832
0.047131,-0.472898,-0.195310,-0.166492,0.199783,0.067570
0.046116,-0.481931,-0.198349,-0.172111,0.220927,0.058523
0.037174,-0.500539,-0.199241,-0.172917,0.238506,0.049101
0.025816,-0.524149,-0.198486,-0.166406,0.251789,0.040259
0.015656,-0.546692,-0.197743,-0.151736,0.261634,0.033051
0.007894,-0.561798,-0.199460,-0.130356,0.269062,0.027785
0.003628,-0.565717,-0.204071,-0.105660,0.274578,0.023890
0.005030,-0.559195,-0.209109,-0.081530,0.278781,0.020205
0.013582,-0.546118,-0.212109,-0.060593,0.283062,0.015081
0.027363,-0.530354,-0.212669,-0.043848,0.289051,0.006632
0.041939,-0.513993,-0.211614,-0.031710,0.297688,-0.006056
0.052550,-0.499977,-0.209339,-0.024303,0.309001,-0.021856
0.053695,-0.494733,-0.205587,-0.020547,0.322064,-0.037578
0.040637,-0.504210,-0.200742,-0.017698,0.334445,-0.048355
0.014314,-0.527917,-0.196214,-0.012171,0.341239,-0.049617
-0.018426,-0.557889,-0.193430,-0.001595,0.337293,-0.039420
-0.047973,-0.582148,-0.193199,0.013388,0.321700,-0.018934
-0.063288,-0.589769,-0.195313,0.029175,0.299035,0.007213
-0.057928,-0.574167,-0.198901,0.040356,0.277523,0.032943
-0.038531,-0.535913,-0.203471,0.041313,0.263984,0.054708
-0.020445,-0.486758,-0.207764,0.028510,0.258576,0.072040
-0.013745,-0.448001,-0.207998,0.003432,0.255922,0.085826
-0.017560,-0.439428,-0.200156,-0.026014,0.250923,0.097078
-0.026902,-0.466568,-0.183781,-0.048904,0.242315,0.105780
-0.040865,-0.517246,-0.162181,-0.056978,0.230196,0.110890
-0.060031,-0.570024,-0.140293,-0.046920,0.213501,0.113196
-0.078387,-0.606207,-0.123224,-0.019947,0.192382,0.115872
-0.085746,-0.617261,-0.114920,0.018397,0.169716,0.118989
-0.078908,-0.604737,-0.115784,0.059946,0.149076,0.117424
-0.064165,-0.575272,-0.123267,0.097246,0.133392,0.106658
-0.050166,-0.537269,-0.135470,0.125520,0.124648,0.086798
-0.043252,-0.499475,-0.150612,0.142461,0.122678,0.060830
-0.045299,-0.470197,-0.164823,0.147784,0.124617,0.032944
-0.054494,-0.456589,-0.173858,0.144103,0.126428,0.007969
-0.069272,-0.460548,-0.176337,0.136537,0.124822,-0.010189
-0.087886,-0.476330,-0.174038,0.129704,0.117616,-0.019829
-0.105711,-0.495018,-0.169261,0.125866,0.103895,-0.021621
-0.116288,-0.509210,-0.163656,0.125122,0.085253,-0.017533
-0.115955,-0.514400,-0.158346,0.126178,0.065328,-0.009906
-0.107324,-0.510711,-0.153115,0.127834,0.047560,-0.001524
-0.095691,-0.503253,-0.146762,0.129628,0.034662,0.005147
-0.084035,-0.498257,-0.139018,0.131046,0.028488,0.008683
-0.073838,-0.498791,-0.130828,0.131415,0.028593,0.008654
-0.066800,-0.504718,-0.122976,0.130984,0.032248,0.006100
-0.064293,-0.515093,-0.115916,0.131432,0.035166,0.003800
-0.066254,-0.527284,-0.109981,0.134618,0.031901,0.004587
-0.069973,-0.536382,-0.104974,0.141227,0.019418,0.008223
-0.071095,-0.539163,-0.100465,0.150591,0.000950,0.010654
-0.067688,-0.536622,-0.096276,0.161210,-0.016466,0.007599
-0.061641,-0.532202,-0.092749,0.171614,-0.027869,-0.001479
-0.055583,-0.528734,-0.090751,0.180830,-0.033008,-0.013410
-0.051095,-0.526670,-0.090854,0.188063,-0.034238,-0.024283
-0.048180,-0.524406,-0.093102,0.192535,-0.032713,-0.032167
-0.045267,-0.519714,-0.097133,0.193725,-0.028597,-0.038296
-0.041779,-0.511425,-0.100712,0.191691,-0.023971,-0.046040
-0.038605,-0.502044,-0.100655,0.187713,-0.021161,-0.058775
-0.035827,-0.497620,-0.097029,0.184082,-0.019193,-0.078022
-0.032915,-0.501830,-0.092907,0.182722,-0.015200,-0.101837
-0.029977,-0.512835,-0.090546,0.184191,-0.007708,-0.125473
-0.028575,-0.525192,-0.090373,0.187503,0.002461,-0.143489
-0.030287,-0.532047,-0.092165,0.190736,0.012749,-0.151091
-0.032951,-0.529033,-0.095552,0.191938,0.020036,-0.146639
-0.033117,-0.516980,-0.099029,0.189827,0.021865,-0.133221
-0.029921,-0.500359,-0.100186,0.184562,0.017566,-0.116052
-0.023543,-0.484612,-0.097531,0.177600,0.008699,-0.099516
-0.015753,-0.474864,-0.090690,0.170845,-0.002241,-0.086525
-0.009181,-0.475001,-0.079864,0.166083,-0.012788,-0.077966
-0.004247,-0.485748,-0.066338,0.164531,-0.020475,-0.072523
-0.000547,-0.503540,-0.053075,0.166791,-0.023594,-0.068119
0.001177,-0.521767,-0.043480,0.172231,-0.022187,-0.063025
0.000340,-0.533486,-0.039090,0.178707,-0.017620,-0.056054
-0.001938,-0.534623,-0.039101,0.184103,-0.011402,-0.046476
-,-,-,-,-,-
-0.000166,-0.007947,-0.000612,0.003119,-0.000354,0.000865
