-,-,-,-,-,-
-0.001195,-0.008968,-0.000161,0.000009,-0.000223,-0.000620
-0.006821,-0.051705,-0.000792,-0.000022,-0.001371,-0.003556
-0.018712,-0.143466,-0.001890,-0.000297,-0.004033,-0.009687
-0.034447,-0.266215,-0.003138,-0.000857,-0.007802,-0.017630
-0.049800,-0.385769,-0.004194,-0.001157,-0.011523,-0.025395
-0.061606,-0.476553,-0.004588,-0.000428,-0.014314,-0.031767
-0.068467,-0.529034,-0.004127,0.001611,-0.016022,-0.036191
-0.070676,-0.547251,-0.003594,0.004601,-0.016849,-0.038624
-0.069825,-0.542581,-0.003922,0.007922,-0.017044,-0.039700
-0.067664,-0.527078,-0.004766,0.010967,-0.016912,-0.040564
-0.064904,-0.509399,-0.004950,0.013002,-0.016581,-0.041606
-0.061737,-0.494576,-0.003951,0.013257,-0.015813,-0.041783
-0.058871,-0.485106,-0.002269,0.011459,-0.014331,-0.039783
-0.057258,-0.481284,-0.000749,0.008047,-0.012231,-0.035252
-0.057332,-0.481784,0.000079,0.003868,-0.010065,-0.028869
-0.058839,-0.484885,0.000200,-0.000241,-0.008514,-0.021859
-0.061172,-0.489228,-0.000226,-0.003619,-0.007942,-0.015648
-0.063610,-0.493671,-0.000962,-0.005774,-0.008299,-0.011662
-0.065202,-0.497058,-0.001498,-0.006607,-0.009224,-0.010478
-0.065259,-0.498911,-0.001393,-0.006477,-0.010046,-0.011172
-0.064135,-0.499682,-0.000555,-0.005809,-0.010327,-0.012517
-0.062361,-0.499616,0.000845,-0.004934,-0.010207,-0.014064
-0.059965,-0.498439,0.002430,-0.004317,-0.009793,-0.015480
-0.057408,-0.496161,0.003764,-0.004571,-0.008884,-0.016055
-0.055708,-0.493596,0.004632,-0.006163,-0.007403,-0.015254
-0.055459,-0.492128,0.005313,-0.008960,-0.005727,-0.013434
-0.056225,-0.492557,0.006213,-0.012106,-0.004428,-0.011679
-0.057018,-0.494232,0.007304,-0.014593,-0.003549,-0.010623
-0.057400,-0.495622,0.008251,-0.015944,-0.002708,-0.009938
-0.057517,-0.495740,0.008755,-0.016291,-0.001839,-0.009236
-0.057475,-0.494879,0.008694,-0.015899,-0.001167,-0.008792
-0.057340,-0.493711,0.008346,-0.014970,-0.000825,-0.009287
-0.056949,-0.492333,0.008325,-0.014092,-0.000665,-0.010914
-0.055832,-0.491009,0.008905,-0.014148,-0.000085,-0.012692
-0.054336,-0.490556,0.009852,-0.015468,0.001489,-0.013347
-0.053463,-0.491297,0.010824,-0.017620,0.003909,-0.012742
-0.053216,-0.492473,0.011438,-0.020101,0.006746,-0.011294
-0.053240,-0.492914,0.011339,-0.022928,0.009847,-0.008600
-0.053962,-0.492412,0.010522,-0.026474,0.012807,-0.003950
-0.055406,-0.492147,0.009310,-0.030857,0.014838,0.002425
-0.056809,-0.493896,0.007943,-0.035487,0.015541,0.009206
-0.057861,-0.498729,0.006544,-0.038946,0.015031,0.014215
-0.058692,-0.505608,0.005313,-0.039695,0.013547,0.015318
-0.059002,-0.511720,0.004328,-0.037274,0.011612,0.012160
-0.058609,-0.514723,0.003359,-0.032640,0.010135,0.006595
-0.058369,-0.514144,0.002090,-0.027468,0.009664,0.001150
-0.059126,-0.510931,0.000524,-0.023292,0.009788,-0.002551
-0.060308,-0.506583,-0.001055,-0.021044,0.009860,-0.004010
-0.060870,-0.502540,-0.002428,-0.020950,0.009927,-0.003340
-0.060933,-0.499809,-0.003572,-0.022596,0.010318,-0.001048
-0.061464,-0.498783,-0.004487,-0.025146,0.010764,0.001897
-0.062805,-0.499149,-0.005028,-0.027731,0.010547,0.004427
-0.064192,-0.500306,-0.005059,-0.029709,0.009351,0.006011
-0.064647,-0.501741,-0.004524,-0.030791,0.007630,0.006881
-0.063997,-0.502791,-0.003357,-0.031139,0.006172,0.007780
-0.062831,-0.503156,-0.001844,-0.031149,0.005420,0.009093
-0.061762,-0.503449,-0.000729,-0.030931,0.005223,0.010130
-0.061141,-0.504209,-0.000425,-0.030237,0.005132,0.009748
-0.060947,-0.505072,-0.000766,-0.028937,0.004872,0.007647
-0.060977,-0.505353,-0.001513,-0.027330,0.004569,0.004744
-0.061336,-0.504752,-0.002412,-0.025925,0.004297,0.002082
-0.061974,-0.503218,-0.003156,-0.025094,0.003775,-0.000153
-0.062335,-0.500688,-0.003545,-0.025082,0.002855,-0.002200
-0.062011,-0.497152,-0.003530,-0.026176,0.001874,-0.004048
-0.061052,-0.492976,-0.003138,-0.028710,0.001393,-0.005144
-0.059824,-0.489373,-0.002530,-0.032792,0.001816,-0.004609
-0.058955,-0.488143,-0.002184,-0.037934,0.003149,-0.002115
-0.058980,-0.490443,-0.002579,-0.042963,0.004838,0.001631
-0.059771,-0.495946,-0.003733,-0.046460,0.006026,0.005246
-0.060789,-0.502943,-0.005225,-0.047450,0.006261,0.007373
-0.061652,-0.509015,-0.006427,-0.045900,0.005582,0.007332
-0.061947,-0.512380,-0.006921,-0.042616,0.004201,0.005299
-0.061180,-0.512870,-0.006763,-0.038688,0.002673,0.002260
-0.059499,-0.511714,-0.006208,-0.035045,0.001734,-0.000252
-0.057892,-0.510702,-0.005542,-0.032199,0.001614,-0.001103
-0.057252,-0.511141,-0.005222,-0.030144,0.001923,-0.000226
-0.057787,-0.513349,-0.005559,-0.028464,0.002105,0.001675
-0.059278,-0.516733,-0.006369,-0.026583,0.001863,0.003519
-0.061302,-0.519814,-0.007441,-0.024200,0.001247,0.004148
-0.063292,-0.520964,-0.008911,-0.021561,0.000441,0.002918
-0.064712,-0.519621,-0.010738,-0.019184,-0.000418,0.000103
-0.065304,-0.516332,-0.012344,-0.017562,-0.001238,-0.003223
-0.065054,-0.512311,-0.013173,-0.017012,-0.001925,-0.005623
-0.064115,-0.509154,-0.013121,-0.017445,-0.002405,-0.006015
-0.062791,-0.508050,-0.012236,-0.018274,-0.002642,-0.004336
-0.061479,-0.508904,-0.010632,-0.018699,-0.002591,-0.001508
-0.060653,-0.510394,-0.008712,-0.018160,-0.002241,0.001188
-0.060642,-0.510914,-0.007105,-0.016642,-0.001646,0.002783
-0.061554,-0.509297,-0.006397,-0.014706,-0.000980,0.003010
-0.063287,-0.505217,-0.006755,-0.013212,-0.000620,0.002163
-0.065108,-0.499365,-0.007746,-0.012936,-0.000928,0.000789
-0.065776,-0.493149,-0.008728,-0.014393,-0.001733,-0.000219
-0.064877,-0.488525,-0.009254,-0.017576,-0.002293,0.000081
-0.063494,-0.487244,-0.009029,-0.021662,-0.002139,0.001556
-0.062737,-0.489351,-0.008074,-0.025323,-0.001559,0.002852
-0.062621,-0.493228,-0.006932,-0.027467,-0.000913,0.002668
-0.062877,-0.496994,-0.006157,-0.027721,-0.000244,0.000581
-0.063299,-0.499332,-0.005711,-0.026402,0.000242,-0.003199
-0.063467,-0.499589,-0.005358,-0.024360,0.000395,-0.007764
-0.063585,-0.497789,-0.005229,-0.022731,0.000530,-0.011458
-0.064486,-0.494855,-0.005443,-0.022284,0.000638,-0.013299
-0.065874,-0.492063,-0.005832,-0.023083,0.000264,-0.013733
-0.066446,-0.490152,-0.006135,-0.024899,-0.000364,-0.013220
-0.065969,-0.489394,-0.006005,-0.027427,-0.000551,-0.011766
-0.065088,-0.489609,-0.005234,-0.030266,-0.000296,-0.009803
-0.063971,-0.490368,-0.004266,-0.033101,0.000146,-0.007908
-0.063041,-0.491865,-0.003799,-0.035612,0.000979,-0.006257
-0.063296,-0.494603,-0.003816,-0.037259,0.002044,-0.005069
-0.064584,-0.498313,-0.003833,-0.037534,0.002534,-0.004663
-0.065526,-0.502032,-0.003572,-0.036278,0.002165,-0.004942
-0.065501,-0.504794,-0.002842,-0.033689,0.001398,-0.005553
-0.064911,-0.505852,-0.001668,-0.030264,0.000566,-0.006314
-0.064077,-0.504883,-0.000585,-0.026774,-0.000238,-0.007009
-0.063386,-0.502558,-0.000240,-0.023892,-0.000832,-0.007456
-0.063618,-0.500296,-0.000917,-0.021679,-0.001251,-0.008068
-0.065091,-0.499173,-0.002361,-0.019725,-0.002072,-0.009512
-0.066527,-0.499205,-0.003734,-0.017841,-0.003595,-0.011597
-0.065812,-0.499309,-0.004175,-0.016204,-0.004307,-0.012884
-0.062822,-0.498807,-0.003617,-0.015015,-0.001932,-0.011556
-0.059873,-0.498407,-0.002380,-0.014539,0.003304,-0.006921
-0.058676,-0.498728,-0.000494,-0.015147,0.008732,0.000036
-0.059013,-0.499792,0.001724,-0.016829,0.012214,0.007468
-0.059778,-0.502690,0.003130,-0.019196,0.013222,0.013899
-0.059997,-0.509099,0.002302,-0.021981,0.012116,0.019268
-0.060520,-0.518002,-0.000225,-0.023726,0.009964,0.022708
-0.063002,-0.524282,-0.001504,-0.021829,0.007559,0.020084
-0.065877,-0.521354,-0.000447,-0.016991,0.004867,0.010440
-0.066560,-0.508775,0.000831,-0.013629,0.003119,0.000738
-,-,-,-,-,-
-0.001306,-0.009703,-0.000051,-0.000719,-0.000003,0.000668
-0.007815,-0.055587,-0.000118,-0.003449,0.000087,0.002935
-0.022183,-0.151876,0.000144,-0.007933,0.000184,0.005600
-0.041060,-0.275592,0.000474,-0.012907,-0.000051,0.006683
-0.058212,-0.390827,-0.000386,-0.017854,0.000058,0.006755
-0.070753,-0.476473,-0.002416,-0.021876,0.001379,0.006859
-0.078750,-0.526435,-0.003999,-0.024480,0.002150,0.006942
-0.081923,-0.543621,-0.004419,-0.026650,0.000197,0.007849
-0.080899,-0.537722,-0.004034,-0.028124,-0.003055,0.009751
-0.078067,-0.521418,-0.003326,-0.027581,-0.004805,0.010783
-0.075279,-0.505626,-0.002882,-0.025195,-0.004297,0.009298
-0.073118,-0.496333,-0.003079,-0.022113,-0.002298,0.005186
-0.071608,-0.494331,-0.003942,-0.019492,0.000259,-0.000011
-0.070947,-0.497714,-0.005052,-0.018124,0.002566,-0.004306
-0.071348,-0.503596,-0.005801,-0.018075,0.003860,-0.006735
-0.072307,-0.509147,-0.006136,-0.018905,0.003860,-0.007163
-0.073209,-0.512597,-0.006359,-0.020018,0.002927,-0.005916
-0.073944,-0.513511,-0.006543,-0.020927,0.001424,-0.003875
-0.074277,-0.512726,-0.006715,-0.021292,-0.000398,-0.002364
-0.073875,-0.511459,-0.007097,-0.020871,-0.002059,-0.002568
-0.072885,-0.510129,-0.007945,-0.019699,-0.003115,-0.004770
-0.071594,-0.508610,-0.009132,-0.018181,-0.003591,-0.008285
-0.069950,-0.507056,-0.010160,-0.016927,-0.003696,-0.011927
-0.067968,-0.506366,-0.010800,-0.016446,-0.003359,-0.014330
-0.066293,-0.508132,-0.011164,-0.016668,-0.002598,-0.014898
-0.065444,-0.513023,-0.011460,-0.016819,-0.001888,-0.014459
-0.065211,-0.519424,-0.012016,-0.016029,-0.001606,-0.014127
-0.065583,-0.524559,-0.012980,-0.014069,-0.001808,-0.014162
-0.066760,-0.526300,-0.014318,-0.011458,-0.002485,-0.014252
-0.068386,-0.523790,-0.015973,-0.009239,-0.003486,-0.013793
-0.069988,-0.517869,-0.017621,-0.008550,-0.004605,-0.012159
-0.071262,-0.510955,-0.018667,-0.009862,-0.005808,-0.009398
-0.071717,-0.505781,-0.018611,-0.012614,-0.007064,-0.006221
-0.071054,-0.504077,-0.017305,-0.015462,-0.008178,-0.003798
-0.069571,-0.505503,-0.014994,-0.017084,-0.009034,-0.003490
-0.067736,-0.508777,-0.012936,-0.017271,-0.009407,-0.004943
-0.066948,-0.513940,-0.012569,-0.016229,-0.009081,-0.006821
-0.068942,-0.520102,-0.013135,-0.013570,-0.009443,-0.010603
-0.071678,-0.524683,-0.013484,-0.010169,-0.011991,-0.017210
-0.072106,-0.528529,-0.013898,-0.007877,-0.014782,-0.023144
-0.072335,-0.534326,-0.013864,-0.006422,-0.015826,-0.026677
-0.074535,-0.542774,-0.012711,-0.003596,-0.016580,-0.028797
-0.077872,-0.553297,-0.010284,0.003158,-0.018880,-0.029510
-0.082738,-0.560052,-0.006077,0.014217,-0.024602,-0.032199
-0.086917,-0.556646,-0.001832,0.024886,-0.034670,-0.040616
-0.086030,-0.547925,-0.000099,0.029854,-0.044887,-0.051531
-0.082489,-0.543534,0.000058,0.029399,-0.049976,-0.060252
-0.082224,-0.546280,0.000339,0.027321,-0.050028,-0.065884
-0.087351,-0.555827,0.001188,0.027608,-0.047549,-0.069643
-0.097683,-0.571526,0.004454,0.033737,-0.045267,-0.074813
-0.109040,-0.587596,0.010908,0.046206,-0.047375,-0.084592
-0.113655,-0.598451,0.017202,0.061782,-0.053465,-0.096406
-0.110752,-0.604455,0.020879,0.076191,-0.057707,-0.103359
-0.106948,-0.607367,0.022999,0.086923,-0.058219,-0.102332
-0.105913,-0.607479,0.024581,0.094174,-0.058051,-0.095873
-0.107342,-0.606978,0.025708,0.100307,-0.059013,-0.088066
-0.111326,-0.608788,0.027570,0.109641,-0.062185,-0.084995
-0.114486,-0.606224,0.031803,0.123876,-0.069730,-0.092393
-0.109069,-0.590740,0.037763,0.137257,-0.078147,-0.104660
-0.095807,-0.568949,0.044194,0.143168,-0.079366,-0.109553
-0.084335,-0.554412,0.050847,0.142352,-0.072388,-0.107422
-0.078019,-0.551880,0.056463,0.140832,-0.062123,-0.110012
-0.075199,-0.554555,0.060542,0.144290,-0.052577,-0.122797
-0.076885,-0.552433,0.064833,0.155304,-0.047067,-0.141906
-0.081322,-0.541442,0.070156,0.172553,-0.046652,-0.161678
-0.083964,-0.522912,0.075515,0.191010,-0.048606,-0.176383
-0.084653,-0.500172,0.079835,0.204713,-0.050130,-0.182214
-0.085560,-0.477067,0.082426,0.210351,-0.050859,-0.180121
-0.086474,-0.456785,0.082900,0.207981,-0.051525,-0.172938
-0.086335,-0.441030,0.082186,0.199490,-0.053366,-0.163082
-0.084203,-0.428995,0.082456,0.187389,-0.057969,-0.154138
-0.077305,-0.418514,0.085452,0.174250,-0.065187,-0.149327
-0.063517,-0.408868,0.092145,0.161652,-0.072108,-0.148094
-0.045377,-0.401090,0.102089,0.150225,-0.075302,-0.147846
-0.027851,-0.394681,0.112958,0.140117,-0.073722,-0.147022
-0.014065,-0.386544,0.121902,0.130321,-0.068405,-0.144357
-0.005862,-0.375055,0.126986,0.118723,-0.060984,-0.137790
-0.005075,-0.362345,0.127709,0.103290,-0.054310,-0.125763
-0.011529,-0.351506,0.124330,0.083432,-0.051629,-0.108861
-0.022233,-0.343765,0.117623,0.060652,-0.054341,-0.090277
-0.032471,-0.337967,0.108966,0.036936,-0.061954,-0.073988
-0.037875,-0.332326,0.099998,0.012259,-0.073067,-0.060857
-0.036333,-0.328231,0.092742,-0.013946,-0.085869,-0.049322
-0.027019,-0.328910,0.089020,-0.039835,-0.098113,-0.039636
-0.010085,-0.334359,0.089150,-0.062827,-0.106964,-0.032400
0.011113,-0.341788,0.091673,-0.082174,-0.109928,-0.026099
0.030011,-0.348600,0.093505,-0.098726,-0.106408,-0.019055
0.040017,-0.353492,0.090703,-0.114084,-0.098172,-0.010810
0.037763,-0.356643,0.080901,-0.129820,-0.088679,-0.001639
0.025221,-0.360000,0.064984,-0.146156,-0.081635,0.008109
0.008739,-0.366762,0.046631,-0.161981,-0.079839,0.018425
-0.004794,-0.378348,0.030681,-0.176540,-0.084695,0.028582
-0.010151,-0.392438,0.020867,-0.189075,-0.094717,0.036163
-0.004227,-0.405086,0.018767,-0.198808,-0.105384,0.039838
0.012417,-0.414890,0.023076,-0.206892,-0.111419,0.041531
0.034460,-0.424780,0.029520,-0.215159,-0.109117,0.044119
0.054098,-0.436914,0.034210,-0.224097,-0.098840,0.049362
0.065850,-0.449173,0.035715,-0.233423,-0.084533,0.058088
0.068337,-0.461556,0.033701,-0.242063,-0.070364,0.070108
0.062491,-0.476107,0.028938,-0.247682,-0.060057,0.082236
0.052024,-0.487619,0.023320,-0.248939,-0.056472,0.089183
0.043080,-0.485762,0.017833,-0.248524,-0.058546,0.088823
0.038986,-0.469349,0.011897,-0.251788,-0.061639,0.085087
0.038975,-0.453734,0.005588,-0.260860,-0.062885,0.084505
0.043907,-0.453815,0.000927,-0.271425,-0.062546,0.088522
0.055873,-0.467456,-0.001177,-0.278013,-0.059147,0.094181
0.070057,-0.486877,-0.002473,-0.279078,-0.049565,0.100196
0.077869,-0.507158,-0.004332,-0.275195,-0.035275,0.104587
0.078180,-0.521740,-0.007364,-0.268029,-0.020785,0.104883
0.073887,-0.527288,-0.012557,-0.260460,-0.007595,0.102172
0.065231,-0.528064,-0.019971,-0.254383,0.003740,0.098436
0.054451,-0.529213,-0.028544,-0.249746,0.011934,0.095307
0.045027,-0.532669,-0.036885,-0.245671,0.017666,0.095705
0.036697,-0.538734,-0.043413,-0.241116,0.021881,0.100595
0.029040,-0.545800,-0.047440,-0.235189,0.024324,0.107532
0.023166,-0.550667,-0.050074,-0.227603,0.025871,0.114310
0.018586,-0.550768,-0.053237,-0.218596,0.028064,0.120230
0.014175,-0.545290,-0.058444,-0.208702,0.031621,0.126014
0.009197,-0.535340,-0.065988,-0.198744,0.037019,0.134221
0.002522,-0.523524,-0.074695,-0.189895,0.043873,0.146778
-0.005888,-0.513646,-0.082730,-0.183564,0.050343,0.162298
-0.014112,-0.508926,-0.088158,-0.180626,0.054985,0.176625
-0.019864,-0.508959,-0.089659,-0.180451,0.058114,0.185350
-0.022101,-0.510867,-0.087599,-0.181241,0.060922,0.186795
-0.021543,-0.513092,-0.083685,-0.181206,0.064304,0.182664
-0.019952,-0.516618,-0.079521,-0.179146,0.068295,0.175699
-0.018703,-0.523392,-0.076110,-0.174519,0.072275,0.167725
-0.018501,-0.533278,-0.074729,-0.167326,0.076023,0.160152
-,-,-,-,-,-
-0.001043,-0.010399,-0.001670,-0.002144,0.001387,0.002728
-0.005059,-0.061065,-0.009736,-0.012087,0.007621,0.014668
-0.011892,-0.170879,-0.026831,-0.032899,0.020304,0.037675
-0.020614,-0.315590,-0.048543,-0.060696,0.036341,0.064784
-0.031124,-0.450743,-0.067693,-0.088455,0.050582,0.086230
-0.040361,-0.548519,-0.080026,-0.109770,0.059482,0.094795
-0.044641,-0.602561,-0.084830,-0.121336,0.062604,0.090460
-0.043991,-0.617810,-0.084009,-0.123083,0.062373,0.078505
-0.039806,-0.607840,-0.080746,-0.116733,0.062414,0.062801
-0.034096,-0.589039,-0.076305,-0.106455,0.064444,0.047257
-0.027884,-0.571475,-0.069865,-0.095505,0.068832,0.036508
-0.019673,-0.561297,-0.062472,-0.083275,0.077274,0.031946
-0.011614,-0.559076,-0.056632,-0.069992,0.090425,0.033278
-0.010123,-0.557100,-0.054032,-0.057426,0.106017,0.038937
-0.018682,-0.549264,-0.056478,-0.046188,0.120449,0.044082
-0.035949,-0.534901,-0.064866,-0.037826,0.129602,0.044417
-0.056233,-0.516246,-0.077133,-0.034830,0.130875,0.039377
-0.071445,-0.498898,-0.089173,-0.037787,0.125799,0.030766
-0.077091,-0.489889,-0.097210,-0.044629,0.119013,0.021672
-0.074937,-0.493524,-0.099604,-0.051500,0.114593,0.015550
-0.069523,-0.508194,-0.097481,-0.054325,0.114116,0.014084
-0.065514,-0.526924,-0.094070,-0.050642,0.117420,0.016407
-0.067432,-0.542051,-0.092417,-0.040701,0.122756,0.020281
-0.076527,-0.549742,-0.093051,-0.026398,0.126143,0.025206
-0.088973,-0.550945,-0.094952,-0.009920,0.123765,0.032471
-0.100315,-0.548434,-0.098750,0.005466,0.115570,0.037992
-0.108680,-0.543779,-0.105467,0.015973,0.104100,0.033604
-0.113157,-0.537884,-0.113773,0.020400,0.091908,0.018402
-0.114117,-0.531995,-0.121189,0.020647,0.081176,0.000080
-0.113362,-0.527933,-0.125459,0.019387,0.072506,-0.013411
-0.111657,-0.527977,-0.125884,0.018920,0.065500,-0.018600
-0.110123,-0.533959,-0.123374,0.021092,0.060266,-0.016425
-0.110233,-0.546312,-0.118571,0.027205,0.056424,-0.010854
-0.111360,-0.562258,-0.112016,0.037858,0.053168,-0.005461
-0.112815,-0.575959,-0.105644,0.052487,0.050189,-0.001355
-0.115684,-0.581655,-0.102084,0.069145,0.046881,0.001112
-0.121010,-0.576120,-0.101766,0.084865,0.041607,0.000951
-0.127020,-0.559866,-0.103004,0.096533,0.033359,-0.001879
-0.130553,-0.538193,-0.104117,0.102183,0.023628,-0.005394
-0.130885,-0.518948,-0.103746,0.101881,0.014928,-0.007811
-0.129470,-0.507743,-0.100983,0.097341,0.008663,-0.008600
-0.127851,-0.506492,-0.095327,0.090945,0.004819,-0.007497
-0.126761,-0.514099,-0.086967,0.085110,0.002428,-0.004170
-0.126704,-0.527333,-0.077094,0.081970,0.000090,0.001299
-0.127389,-0.542061,-0.067001,0.083026,-0.003495,0.007682
-0.126873,-0.554013,-0.057737,0.088697,-0.008190,0.013235
-0.124620,-0.559496,-0.050296,0.098205,-0.012457,0.016646
-0.122606,-0.556663,-0.045291,0.109803,-0.015506,0.016859
-0.122234,-0.547076,-0.042499,0.121298,-0.017696,0.013610
-0.123735,-0.535394,-0.040669,0.130961,-0.019479,0.007768
-0.126793,-0.526173,-0.038219,0.138079,-0.021418,0.000396
-0.130119,-0.521010,-0.034164,0.142633,-0.023915,-0.007350
-0.132683,-0.519148,-0.028323,0.144823,-0.026610,-0.013933
-0.134862,-0.519420,-0.021433,0.144944,-0.029027,-0.018120
-0.137259,-0.521126,-0.014768,0.143476,-0.031170,-0.019413
-0.139790,-0.524224,-0.009183,0.141356,-0.033245,-0.018129
-0.141962,-0.528247,-0.004851,0.139926,-0.035571,-0.015615
-0.143062,-0.531471,-0.001533,0.140127,-0.038319,-0.013615
-0.142521,-0.532452,0.001227,0.141866,-0.040896,-0.013001
-0.140903,-0.531346,0.003702,0.144432,-0.042346,-0.013337
-0.139762,-0.528958,0.006101,0.147370,-0.042873,-0.014055
-0.139008,-0.525542,0.008973,0.150387,-0.043983,-0.015343
-0.136765,-0.521139,0.012615,0.152859,-0.046110,-0.017075
-0.133396,-0.515655,0.016515,0.154160,-0.048082,-0.018474
-0.131035,-0.507946,0.019994,0.153627,-0.049415,-0.018935
-0.129413,-0.497002,0.023250,0.150159,-0.050654,-0.017704
-0.126099,-0.484558,0.027460,0.143003,-0.051881,-0.013634
-0.119587,-0.475060,0.033532,0.132840,-0.052202,-0.006000
-0.111040,-0.472138,0.041066,0.121776,-0.050527,0.004515
-0.103462,-0.475204,0.048514,0.112277,-0.047095,0.015601
-0.099461,-0.479971,0.053789,0.105773,-0.043595,0.024713
-0.100494,-0.481860,0.055280,0.102065,-0.041827,0.030505
-0.106226,-0.478476,0.053214,0.100001,-0.043353,0.032283
-0.113067,-0.469928,0.049564,0.098383,-0.048802,0.029693
-0.116807,-0.458466,0.046484,0.096406,-0.056416,0.023657
-0.116703,-0.446930,0.045506,0.093743,-0.063422,0.015522
-0.113691,-0.436599,0.047029,0.090223,-0.068086,0.006243
-0.108458,-0.428291,0.049837,0.085578,-0.069323,-0.001950
-0.103458,-0.424373,0.052188,0.079679,-0.067185,-0.006208
-0.101606,-0.426244,0.052954,0.072827,-0.063741,-0.006022
-0.102770,-0.431183,0.051939,0.065498,-0.061251,-0.002892
-0.104524,-0.434857,0.049913,0.057822,-0.060385,0.001835
-0.105135,-0.435565,0.047796,0.049708,-0.060643,0.007300
-0.104573,-0.434383,0.046227,0.041432,-0.061550,0.012332
-0.102682,-0.432968,0.046108,0.033955,-0.063164,0.015107
-0.097858,-0.432230,0.048159,0.028575,-0.064893,0.013987
-0.089530,-0.432580,0.051752,0.026317,-0.064760,0.008651
-0.080426,-0.433951,0.054956,0.027276,-0.061452,0.000364
-0.074319,-0.435391,0.055628,0.030189,-0.055884,-0.008191
-0.072651,-0.435784,0.053035,0.032981,-0.050341,-0.014163
-0.073206,-0.434288,0.048583,0.033747,-0.046847,-0.016290
-0.071981,-0.430791,0.044493,0.031222,-0.045427,-0.014820
-0.067338,-0.426620,0.042433,0.025167,-0.044525,-0.010990
-0.060045,-0.423352,0.043094,0.016403,-0.043016,-0.007065
-0.050741,-0.422030,0.046109,0.006245,-0.039907,-0.005057
-0.041329,-0.423810,0.050371,-0.003818,-0.034279,-0.005830
-0.035098,-0.428834,0.054320,-0.012332,-0.026982,-0.009785
-0.033177,-0.435537,0.056422,-0.018492,-0.019899,-0.016325
-0.034198,-0.443011,0.056177,-0.022546,-0.013993,-0.023277
-0.036666,-0.452745,0.054309,-0.024957,-0.009415,-0.028440
-0.039692,-0.466538,0.051851,-0.025557,-0.006317,-0.030864
-0.042635,-0.482507,0.049247,-0.024457,-0.004894,-0.030504
-0.045101,-0.495481,0.046096,-0.022647,-0.004666,-0.027802
-0.047325,-0.501479,0.042229,-0.021374,-0.004685,-0.023740
-0.049241,-0.500294,0.038479,-0.021412,-0.004353,-0.019718
-0.050214,-0.495049,0.035956,-0.022733,-0.003265,-0.016763
-0.050691,-0.490051,0.035354,-0.024842,-0.001390,-0.015177
-0.051611,-0.488336,0.036420,-0.026949,0.000843,-0.014916
-0.053429,-0.490669,0.038413,-0.028190,0.003156,-0.015407
-0.056250,-0.496488,0.040912,-0.028013,0.005209,-0.015798
-0.059107,-0.504197,0.043234,-0.026425,0.006632,-0.015298
-0.061227,-0.511442,0.044342,-0.024037,0.007683,-0.013078
-0.063721,-0.516598,0.043957,-0.021672,0.008477,-0.009062
-0.067583,-0.519082,0.042705,-0.019946,0.008334,-0.004397
-0.071954,-0.519037,0.041518,-0.019023,0.006789,-0.000587
-0.075229,-0.517361,0.041250,-0.018557,0.004275,0.001222
-0.076557,-0.515201,0.042015,-0.017951,0.001924,0.000656
-0.076852,-0.513359,0.043295,-0.016829,0.000760,-0.001633
-0.077729,-0.512040,0.044624,-0.015335,0.000767,-0.004496
-0.079486,-0.511172,0.045749,-0.014043,0.001310,-0.006637
-0.081465,-0.511119,0.046955,-0.013361,0.001842,-0.007228
-0.082971,-0.511984,0.048725,-0.013121,0.001920,-0.006642
-0.083552,-0.512919,0.050974,-0.012984,0.001425,-0.005687
-0.083355,-0.513133,0.053147,-0.012798,0.000462,-0.004966
-0.082859,-0.512506,0.054510,-0.012509,-0.000748,-0.004840
-0.082610,-0.511197,0.054977,-0.012063,-0.001892,-0.005239
-0.082591,-0.509076,0.055339,-0.011600,-0.002671,-0.005600
-0.082298,-0.506128,0.055815,-0.011621,-0.002316,-0.004735
-,-,-,-,-,-
-0.001631,-0.008983,0.000939,-0.000350,0.000013,0.000099
-,-,-,-,-,-
0.000444,-0.009496,0.002176,-0.000370,-0.000261,0.000215
0.002474,-0.054749,0.012460,-0.002141,-0.001474,0.001251
0.006546,-0.151660,0.034180,-0.006028,-0.003963,0.003725
0.011339,-0.280766,0.062545,-0.011427,-0.007060,0.007551
0.015025,-0.405847,0.089554,-0.016837,-0.009784,0.011292
0.017068,-0.499503,0.109901,-0.020983,-0.011383,0.013065
0.018023,-0.551081,0.121605,-0.023659,-0.011095,0.012687
0.017839,-0.565336,0.125149,-0.025463,-0.008577,0.011564
0.015995,-0.555394,0.122945,-0.026916,-0.004673,0.010718
0.012930,-0.534873,0.118054,-0.028255,-0.000666,0.010366
0.009310,-0.513995,0.112602,-0.029631,0.002771,0.010622
0.005086,-0.498948,0.107747,-0.031016,0.005164,0.011269
0.000681,-0.491668,0.104186,-0.032218,0.006106,0.011594
-0.002620,-0.490610,0.101855,-0.033309,0.006059,0.011276
-0.004161,-0.492807,0.100075,-0.034740,0.006251,0.010806
-0.004584,-0.495636,0.098386,-0.036823,0.007523,0.010744
-0.004726,-0.497779,0.096899,-0.039358,0.009670,0.011065
-0.004876,-0.499005,0.095708,-0.041831,0.012025,0.011502
-0.005469,-0.499372,0.094266,-0.043718,0.014169,0.011979
-0.007274,-0.499221,0.091900,-0.044578,0.015700,0.012140
-0.010408,-0.499114,0.088818,-0.044062,0.015989,0.011084
-0.013889,-0.499096,0.086025,-0.042110,0.014736,0.008209
-0.016652,-0.498788,0.084211,-0.039099,0.012422,0.003931
-0.018589,-0.498245,0.083374,-0.035541,0.009631,-0.000878
-0.019609,-0.497948,0.083116,-0.031794,0.006573,-0.005555
-0.019276,-0.497990,0.082881,-0.028276,0.003732,-0.009287
-0.018197,-0.498082,0.082653,-0.025538,0.001760,-0.011193
-0.017545,-0.497944,0.083066,-0.023901,0.000601,-0.011256
-0.017292,-0.498326,0.084240,-0.022813,-0.000139,-0.010584
-0.016460,-0.500515,0.085522,-0.021120,-0.000612,-0.010506
-0.014366,-0.502964,0.087005,-0.018869,-0.000934,-0.011023
-0.011290,-0.503249,0.089632,-0.017321,-0.000909,-0.010870
-0.008371,-0.502250,0.093444,-0.016877,-0.000299,-0.009491
-0.006454,-0.501774,0.097439,-0.016749,0.000522,-0.007630
-0.005473,-0.501969,0.100932,-0.016106,0.001009,-0.006339
-0.004901,-0.501987,0.103771,-0.014749,0.001000,-0.006341
-0.004193,-0.500914,0.105903,-0.013133,0.000799,-0.007635
-0.003307,-0.498602,0.107586,-0.012013,0.000790,-0.009475
-0.002390,-0.495899,0.109038,-0.011920,0.000962,-0.011081
-0.001267,-0.493952,0.109914,-0.012843,0.001106,-0.012221
0.000242,-0.493588,0.109945,-0.014349,0.001171,-0.013134
0.002205,-0.495106,0.109388,-0.015919,0.001304,-0.014034
0.004486,-0.498105,0.108622,-0.017151,0.001704,-0.014649
0.006530,-0.501773,0.107879,-0.017756,0.002355,-0.014612
0.008205,-0.504984,0.107126,-0.017730,0.003144,-0.013922
0.010145,-0.506493,0.106126,-0.017671,0.004453,-0.012274
0.012067,-0.506317,0.104973,-0.018255,0.006710,-0.009182
0.012807,-0.505716,0.103951,-0.019365,0.009246,-0.005352
0.012429,-0.505419,0.102965,-0.020256,0.010982,-0.002226
0.011973,-0.505056,0.101743,-0.020403,0.011704,-0.000495
0.012062,-0.503914,0.099830,-0.020087,0.012100,0.000289
0.012283,-0.502151,0.096760,-0.020220,0.013183,0.001424
0.011392,-0.500992,0.092926,-0.021329,0.015000,0.003671
0.009241,-0.501244,0.089309,-0.023018,0.016435,0.006347
0.007152,-0.502611,0.086667,-0.024434,0.016770,0.008431
0.005824,-0.504465,0.085343,-0.024734,0.015989,0.009206
0.005097,-0.505946,0.084857,-0.023455,0.014190,0.008143
0.004963,-0.505870,0.084060,-0.021133,0.012001,0.005600
0.005168,-0.503961,0.082332,-0.019331,0.010573,0.003128
0.004971,-0.501568,0.080112,-0.019379,0.010420,0.002234
0.004078,-0.500434,0.078278,-0.021190,0.010945,0.003037
0.002893,-0.501223,0.077430,-0.023511,0.011224,0.004463
0.001830,-0.503058,0.077658,-0.025005,0.010775,0.005342
0.000897,-0.504304,0.078466,-0.025120,0.009670,0.005159
-0.000339,-0.504190,0.079016,-0.024196,0.008119,0.004024
-0.002098,-0.503157,0.078859,-0.022916,0.006069,0.002099
-0.003663,-0.501745,0.078131,-0.021930,0.003551,-0.000364
-0.004345,-0.500380,0.077237,-0.021798,0.001046,-0.002541
-0.004448,-0.500028,0.076759,-0.022635,-0.001051,-0.003668
-0.004299,-0.501627,0.077219,-0.023800,-0.002825,-0.003990
-0.003721,-0.504784,0.078498,-0.024410,-0.004359,-0.004413
-0.002818,-0.507808,0.079758,-0.024284,-0.005362,-0.005382
-0.002231,-0.509197,0.080269,-0.024155,-0.005522,-0.006302
-0.002401,-0.508924,0.079995,-0.024838,-0.005052,-0.006297
-0.002914,-0.508253,0.079368,-0.026504,-0.004502,-0.005049
-0.003125,-0.508735,0.079067,-0.028663,-0.004171,-0.002823
-0.003026,-0.511240,0.079673,-0.030395,-0.004192,-0.000513
-0.002813,-0.515236,0.081101,-0.030819,-0.004770,0.000756
-0.002333,-0.519233,0.082835,-0.029731,-0.005831,0.000521
-0.001519,-0.521960,0.084376,-0.027747,-0.006878,-0.000817
-0.000755,-0.522724,0.085340,-0.025739,-0.007408,-0.002511
-0.000433,-0.521297,0.085658,-0.024375,-0.007267,-0.003823
-0.000534,-0.518202,0.085524,-0.024120,-0.006577,-0.003964
-0.000857,-0.514803,0.085182,-0.025073,-0.005548,-0.002413
-0.001220,-0.512472,0.085003,-0.026759,-0.004546,0.000468
-0.001381,-0.511547,0.085417,-0.028337,-0.003852,0.003505
-0.001273,-0.511302,0.086579,-0.029018,-0.003398,0.005445
-0.001076,-0.510743,0.088291,-0.028472,-0.003108,0.005584
-0.000988,-0.509391,0.090077,-0.026925,-0.003001,0.003993
-0.001327,-0.507549,0.091281,-0.024972,-0.003095,0.001448
-0.002217,-0.506097,0.091688,-0.023228,-0.003519,-0.001030
-0.003084,-0.505856,0.091878,-0.021917,-0.004346,-0.002801
-0.003287,-0.506638,0.092502,-0.020738,-0.005300,-0.003927
-0.002849,-0.506978,0.093610,-0.019273,-0.005972,-0.004969
-0.002092,-0.505233,0.094669,-0.017639,-0.005998,-0.006369
-0.001349,-0.501068,0.095025,-0.016704,-0.004989,-0.007868
-0.001141,-0.496028,0.094474,-0.017352,-0.002903,-0.008746
-0.001871,-0.492441,0.093523,-0.019588,-0.000390,-0.008739
-0.003167,-0.491399,0.092958,-0.022577,0.001668,-0.008308
-0.004098,-0.492340,0.093030,-0.025322,0.002857,-0.007853
-0.004179,-0.494399,0.093310,-0.027186,0.003298,-0.007232
-0.003701,-0.497192,0.093209,-0.027974,0.003312,-0.006186
-0.003363,-0.500280,0.092478,-0.027747,0.003125,-0.004848
-0.003520,-0.502754,0.091383,-0.026726,0.002734,-0.003642
-0.003762,-0.503757,0.090351,-0.025334,0.002156,-0.002890
-0.003573,-0.503060,0.089392,-0.024151,0.001665,-0.002709
-0.003083,-0.501127,0.088132,-0.023687,0.001620,-0.002896
-0.002946,-0.498950,0.086614,-0.024093,0.002010,-0.003017
-0.003356,-0.497495,0.085444,-0.025111,0.002345,-0.002782
-0.003718,-0.497427,0.085009,-0.026328,0.002401,-0.001978
-0.003814,-0.499223,0.085226,-0.027319,0.002410,-0.000566
-0.003990,-0.502579,0.085902,-0.027566,0.002283,0.000781
-0.004097,-0.506194,0.086700,-0.026699,0.001741,0.001125
-0.003846,-0.508791,0.086999,-0.024883,0.001071,0.000256
-0.003648,-0.509788,0.086588,-0.022774,0.000748,-0.001321
-0.003899,-0.509141,0.085943,-0.021147,0.000792,-0.002973
-0.004456,-0.507191,0.085367,-0.020590,0.001053,-0.004069
-0.005208,-0.504826,0.084847,-0.021315,0.001344,-0.004006
-0.005992,-0.503197,0.084708,-0.023007,0.001194,-0.002748
-0.006185,-0.502995,0.085269,-0.024864,0.000346,-0.001060
-0.005481,-0.504370,0.086244,-0.025963,-0.000767,0.000112
-0.004390,-0.506962,0.087188,-0.025609,-0.001680,0.000072
-0.003267,-0.509657,0.088013,-0.023529,-0.002455,-0.001576
-0.001998,-0.511047,0.088768,-0.020134,-0.003194,-0.004525
-0.000804,-0.510483,0.089210,-0.016595,-0.003635,-0.007558
-0.000464,-0.508652,0.088906,-0.014211,-0.003554,-0.009296
-0.001274,-0.506840,0.087997,-0.013570,-0.003323,-0.009290
-0.001906,-0.505758,0.087219,-0.014375,-0.003402,-0.008115
-,-,-,-,-,-
-0.000029,-0.009144,0.001586,-0.000371,0.000106,0.000031
-0.000296,-0.052624,0.009155,-0.002139,0.000488,0.000132
-0.000993,-0.145631,0.025334,-0.005954,0.001015,0.000262
-0.001772,-0.269517,0.046818,-0.011119,0.001371,0.000415
-0.002201,-0.389853,0.067653,-0.016232,0.001437,0.000679
-0.002269,-0.481225,0.083371,-0.020096,0.001175,0.000923
-0.001873,-0.533857,0.092021,-0.022286,0.000803,0.000993
-0.001145,-0.551329,0.094309,-0.023328,0.000956,0.001216
-0.000911,-0.545214,0.092809,-0.023986,0.001817,0.001773
-0.001449,-0.528692,0.090158,-0.024581,0.002732,0.002127
-0.002013,-0.511911,0.087831,-0.025146,0.003245,0.001945
-0.002208,-0.500668,0.086221,-0.025611,0.003457,0.001534
-0.002276,-0.496578,0.085198,-0.025713,0.003347,0.001021
-0.002401,-0.497842,0.084480,-0.025216,0.002836,0.000222
-0.002958,-0.501357,0.084008,-0.024177,0.002027,-0.000804
-0.004060,-0.504842,0.084093,-0.022883,0.000866,-0.001852
-0.004830,-0.507329,0.084802,-0.021646,-0.000428,-0.002601
-0.004911,-0.508755,0.085614,-0.020651,-0.001108,-0.002555
-0.005082,-0.509326,0.086158,-0.019873,-0.001098,-0.001768
-0.005518,-0.508825,0.086620,-0.019202,-0.001074,-0.000966
-0.005803,-0.506720,0.087047,-0.018765,-0.001185,-0.000613
-0.006141,-0.503083,0.086965,-0.019006,-0.000983,-0.000680
-0.006920,-0.499109,0.086210,-0.020264,-0.000222,-0.001045
-0.007799,-0.496369,0.085378,-0.022419,0.000807,-0.001624
-0.008085,-0.495844,0.085015,-0.024965,0.001742,-0.002191
-0.007906,-0.497790,0.085191,-0.027154,0.002437,-0.002496
-0.007899,-0.501509,0.085782,-0.028225,0.002618,-0.002691
-0.008019,-0.505448,0.086552,-0.027807,0.002091,-0.003095
-0.007944,-0.508326,0.087268,-0.026042,0.001027,-0.003825
-0.007741,-0.509721,0.087906,-0.023317,-0.000400,-0.005038
-0.007528,-0.509652,0.088371,-0.020083,-0.002121,-0.006869
-0.007138,-0.508220,0.088157,-0.016980,-0.003766,-0.008940
-0.006522,-0.505771,0.086896,-0.014871,-0.004479,-0.010289
-0.006261,-0.503305,0.085305,-0.014313,-0.003779,-0.010234
-0.006707,-0.501678,0.084567,-0.015112,-0.002356,-0.009133
-0.007209,-0.500790,0.084946,-0.016703,-0.001150,-0.007653
-0.007317,-0.500325,0.085889,-0.018539,-0.000499,-0.006095
-0.007347,-0.500243,0.086966,-0.020101,-0.000578,-0.004804
-0.007301,-0.500585,0.088115,-0.021015,-0.001441,-0.004230
-0.006777,-0.501425,0.089356,-0.021166,-0.002736,-0.004495
-0.005726,-0.502648,0.090492,-0.020622,-0.003969,-0.005420
-0.004396,-0.503659,0.090924,-0.019771,-0.004526,-0.006419
-0.003385,-0.503987,0.090287,-0.019393,-0.003734,-0.006355
-0.003356,-0.503761,0.089295,-0.020021,-0.001861,-0.004661
-0.003760,-0.502969,0.088962,-0.021498,0.000138,-0.001950
-0.003906,-0.501585,0.089446,-0.023310,0.002008,0.001024
-0.004608,-0.500165,0.090225,-0.024856,0.003587,0.003473
-0.006445,-0.499013,0.090768,-0.025608,0.004098,0.004351
-0.008615,-0.498073,0.090958,-0.025423,0.003167,0.003263
-0.010270,-0.497846,0.091080,-0.024448,0.001134,0.000631
-0.010771,-0.498855,0.091441,-0.022861,-0.001446,-0.002931
-0.009494,-0.500682,0.091782,-0.021175,-0.003452,-0.006402
-0.007162,-0.502651,0.091556,-0.020348,-0.003410,-0.008344
-0.005716,-0.504544,0.090973,-0.020978,-0.001178,-0.008147
-0.005718,-0.505935,0.090709,-0.022831,0.001909,-0.006422
-0.006340,-0.506286,0.090934,-0.025340,0.004807,-0.003791
-0.007384,-0.505822,0.091419,-0.027914,0.006909,-0.000839
-0.008367,-0.505210,0.091782,-0.030005,0.007632,0.001524
-0.008341,-0.505256,0.091666,-0.031258,0.007303,0.002942
-0.008049,-0.506998,0.091256,-0.031233,0.006506,0.003288
-0.008560,-0.510562,0.090839,-0.029458,0.005096,0.002042
-0.009777,-0.514521,0.090040,-0.026287,0.003597,-0.000046
-0.013002,-0.517456,0.088663,-0.022923,0.003123,-0.000642
-0.020282,-0.519050,0.087699,-0.020321,0.003005,0.001453
-0.030436,-0.519488,0.088603,-0.018739,0.001462,0.005606
-0.040211,-0.519610,0.092098,-0.017966,-0.001962,0.010873
-0.047785,-0.520595,0.097844,-0.017297,-0.006827,0.015886
-0.052442,-0.522337,0.104561,-0.015969,-0.012792,0.019318
-0.054107,-0.523973,0.110747,-0.013748,-0.019421,0.021135
-0.053299,-0.524856,0.115527,-0.010879,-0.026114,0.021830
-0.050584,-0.524272,0.118639,-0.008199,-0.031422,0.022555
-0.048841,-0.523241,0.120480,-0.006633,-0.033433,0.025469
-0.052850,-0.525525,0.122035,-0.005554,-0.032728,0.031101
-0.063897,-0.533910,0.124041,-0.002566,-0.032571,0.037428
-0.079315,-0.546960,0.126678,0.004531,-0.035555,0.042963
-0.096398,-0.561264,0.129719,0.016399,-0.042260,0.047739
-0.112822,-0.574460,0.132367,0.032659,-0.052114,0.050845
-0.125629,-0.583475,0.134081,0.052091,-0.064184,0.050857
-0.132230,-0.584305,0.135598,0.072553,-0.077119,0.047934
-0.131249,-0.575050,0.138152,0.091649,-0.088789,0.043122
-0.122917,-0.555751,0.142175,0.107024,-0.096592,0.037939
-0.110621,-0.528029,0.146636,0.116652,-0.098403,0.034375
-0.101303,-0.496078,0.149475,0.120278,-0.094785,0.031799
-0.099441,-0.464793,0.149607,0.119896,-0.090155,0.026206
-0.100760,-0.436157,0.148036,0.117519,-0.088062,0.016166
-0.099824,-0.408741,0.146979,0.113153,-0.087591,0.005725
-0.097852,-0.380241,0.147633,0.105051,-0.088370,-0.000116
-0.096057,-0.348552,0.148996,0.091226,-0.092090,0.000787
-0.092433,-0.311389,0.150452,0.070380,-0.098814,0.008019
-0.085063,-0.266332,0.152670,0.041592,-0.107691,0.019121
-0.071952,-0.212825,0.154432,0.003633,-0.116921,0.030649
-0.053093,-0.155164,0.152346,-0.045336,-0.122560,0.041452
-0.033226,-0.100756,0.145585,-0.107511,-0.122161,0.052239
-0.014996,-0.060228,0.137210,-0.182284,-0.116684,0.061705
0.007227,-0.048786,0.128041,-0.261499,-0.106158,0.067083
0.036455,-0.073459,0.116046,-0.332667,-0.089285,0.066848
0.065416,-0.122934,0.102259,-0.387144,-0.068636,0.060283
0.087375,-0.177268,0.089326,-0.424352,-0.050174,0.048156
0.103064,-0.221037,0.076421,-0.451827,-0.037355,0.036021
0.113071,-0.247827,0.059430,-0.480388,-0.029440,0.033255
0.113768,-0.258163,0.037698,-0.519894,-0.026735,0.044341
0.110980,-0.258931,0.017437,-0.576820,-0.032003,0.063870
0.125291,-0.265593,0.001671,-0.649057,-0.039445,0.087072
0.168989,-0.299835,-0.014910,-0.724527,-0.031238,0.117875
0.231596,-0.377203,-0.036199,-0.785320,0.005712,0.158970
0.294722,-0.493555,-0.058182,-0.812913,0.070368,0.201852
0.348004,-0.624497,-0.077345,-0.795239,0.156745,0.231376
0.377432,-0.731195,-0.098278,-0.733024,0.257918,0.242198
0.355418,-0.783708,-0.127627,-0.639389,0.356168,0.242299
0.280356,-0.786660,-0.168833,-0.534314,0.424315,0.231716
0.193615,-0.760930,-0.220571,-0.440596,0.450803,0.204159
0.125121,-0.724729,-0.275712,-0.376818,0.448826,0.170692
0.072100,-0.698449,-0.321493,-0.347045,0.432060,0.148565
0.035890,-0.690012,-0.344890,-0.340509,0.404896,0.140201
0.027397,-0.686252,-0.343740,-0.342189,0.377637,0.142624
0.041883,-0.676148,-0.326371,-0.341783,0.364998,0.155082
0.062810,-0.661554,-0.302552,-0.335079,0.371794,0.171711
0.079353,-0.645010,-0.280339,-0.322108,0.394264,0.186761
0.083529,-0.627684,-0.265849,-0.305562,0.426471,0.203758
0.065348,-0.613801,-0.262613,-0.288363,0.458568,0.227949
0.019999,-0.607650,-0.270827,-0.271283,0.476720,0.257604
-0.045820,-0.611214,-0.285692,-0.252457,0.468954,0.284740
-0.113699,-0.623490,-0.298513,-0.228081,0.432127,0.297721
-0.161272,-0.640311,-0.301831,-0.194639,0.375870,0.288749
-0.177103,-0.659210,-0.292431,-0.150759,0.318254,0.261316
-0.166983,-0.682357,-0.270976,-0.096127,0.275185,0.225269
-0.146236,-0.712049,-0.242302,-0.030324,0.253613,0.188273
-0.132417,-0.744178,-0.216332,0.045583,0.251710,0.154895
-,-,-,-,-,-
-0.007017,-0.012730,-0.005241,0.006188,0.003320,0.001004
-,-,-,-,-,-
-0.000071,-0.009158,0.001880,-0.000397,-0.000061,-0.000111
-0.000339,-0.052672,0.010870,-0.002276,-0.000309,-0.000615
-0.000760,-0.145726,0.030187,-0.006256,-0.000665,-0.001622
-0.001277,-0.269665,0.055895,-0.011463,-0.000786,-0.002828
-0.002147,-0.389892,0.080522,-0.016397,-0.000523,-0.003828
-0.003501,-0.480854,0.098605,-0.020051,-0.000133,-0.004438
-0.004746,-0.533371,0.108337,-0.022176,0.000149,-0.004795
-0.005111,-0.551749,0.110836,-0.023021,0.000465,-0.005218
-0.004725,-0.547078,0.108807,-0.022903,0.000986,-0.005794
-0.004254,-0.531492,0.105193,-0.022058,0.001438,-0.006424
-0.003773,-0.514429,0.102007,-0.020808,0.001474,-0.007079
-0.003001,-0.501034,0.099985,-0.019689,0.001289,-0.007499
-0.002197,-0.493121,0.099235,-0.019226,0.001296,-0.007270
-0.001885,-0.490642,0.099727,-0.019560,0.001480,-0.006468
-0.001975,-0.492118,0.100907,-0.020445,0.001688,-0.005516
-0.002056,-0.495231,0.101887,-0.021582,0.002165,-0.004599
-0.002083,-0.498005,0.102239,-0.022832,0.003186,-0.003973
-0.002188,-0.499583,0.101916,-0.024170,0.004722,-0.004003
-0.002857,-0.500299,0.100921,-0.025486,0.006456,-0.004480
-0.004635,-0.500910,0.099350,-0.026539,0.007597,-0.005047
-0.006845,-0.501597,0.097371,-0.027201,0.007504,-0.005616
-0.008282,-0.502207,0.095315,-0.027544,0.006495,-0.005911
-0.008777,-0.502860,0.093654,-0.027590,0.005200,-0.005827
-0.008791,-0.503623,0.092712,-0.027238,0.003888,-0.005728
-0.008686,-0.504215,0.092437,-0.026537,0.002659,-0.005816
-0.008677,-0.504422,0.092587,-0.025755,0.001535,-0.005929
-0.008602,-0.504309,0.093029,-0.025133,0.000469,-0.005927
-0.008015,-0.503994,0.093629,-0.024799,-0.000431,-0.005684
-0.006785,-0.503824,0.094212,-0.024797,-0.000897,-0.005055
-0.005309,-0.504375,0.094853,-0.025004,-0.000786,-0.004254
-0.004043,-0.505616,0.095752,-0.025233,-0.000256,-0.003685
-0.003042,-0.506907,0.096890,-0.025438,0.000469,-0.003420
-0.002359,-0.507913,0.098123,-0.025663,0.001314,-0.003273
-0.002275,-0.508522,0.099350,-0.025936,0.002104,-0.003087
-0.002528,-0.508638,0.100440,-0.026364,0.002596,-0.002596
-0.002738,-0.508716,0.101192,-0.027016,0.003026,-0.001453
-0.003768,-0.509542,0.101513,-0.027552,0.003620,-0.000070
-0.006071,-0.511178,0.101473,-0.027427,0.003797,0.000322
-0.008171,-0.512812,0.101069,-0.026454,0.003284,-0.000776
-0.009123,-0.513713,0.100256,-0.024835,0.002769,-0.002700
-0.009588,-0.513606,0.099329,-0.022895,0.002500,-0.004931
-0.009717,-0.512112,0.098783,-0.021106,0.002014,-0.007348
-0.008755,-0.509112,0.098740,-0.020237,0.001388,-0.009211
-0.006738,-0.505827,0.098985,-0.020877,0.001230,-0.009447
-0.004454,-0.504011,0.099415,-0.022804,0.001625,-0.007867
-0.002206,-0.504279,0.100069,-0.025181,0.002288,-0.004968
-0.000307,-0.506242,0.100974,-0.027089,0.003211,-0.001312
0.000420,-0.508991,0.101975,-0.027785,0.004235,0.002132
-0.000443,-0.511085,0.102458,-0.027011,0.004862,0.004283
-0.002671,-0.511314,0.101787,-0.025212,0.004773,0.004926
-0.005590,-0.509522,0.100059,-0.023165,0.003887,0.004462
-0.007810,-0.506291,0.097901,-0.021483,0.002369,0.003302
-0.008071,-0.502254,0.095942,-0.020646,0.000851,0.002086
-0.006581,-0.498196,0.094526,-0.021062,0.000056,0.001647
-0.004200,-0.495122,0.093628,-0.022868,0.000192,0.002652
-0.000710,-0.493676,0.093218,-0.026009,0.001209,0.005939
0.004458,-0.494383,0.093311,-0.030170,0.003531,0.012500
0.009739,-0.498056,0.093588,-0.034227,0.007505,0.021805
0.012028,-0.504293,0.093392,-0.036328,0.011924,0.030498
0.010315,-0.510500,0.092074,-0.035260,0.014742,0.034573
0.006098,-0.513825,0.089692,-0.031465,0.015060,0.032522
0.001076,-0.513310,0.086990,-0.026502,0.013350,0.025383
-0.003724,-0.509746,0.084052,-0.022058,0.010996,0.015763
-0.008387,-0.504405,0.080538,-0.019434,0.009166,0.007003
-0.013075,-0.498448,0.077013,-0.019265,0.007394,0.001155
-0.016101,-0.492965,0.074319,-0.021633,0.004894,-0.001368
-0.015530,-0.489408,0.072928,-0.026207,0.002220,-0.000631
-0.011102,-0.489208,0.073695,-0.031980,0.000160,0.002363
-0.002189,-0.492264,0.077872,-0.037709,-0.001068,0.005988
0.012581,-0.496991,0.085654,-0.042823,-0.000016,0.010315
0.030331,-0.502401,0.094881,-0.046964,0.006490,0.016811
0.041976,-0.508501,0.101952,-0.048974,0.019139,0.024457
0.039871,-0.513794,0.104430,-0.047647,0.033135,0.028973
0.025325,-0.515422,0.102436,-0.043327,0.042517,0.027497
0.005530,-0.512706,0.097902,-0.037885,0.045072,0.021264
-0.013210,-0.507625,0.093009,-0.033341,0.041861,0.013300
-0.027634,-0.502785,0.089282,-0.030844,0.035115,0.006187
-0.036734,-0.500526,0.087643,-0.030270,0.026866,0.001126
-0.040280,-0.501566,0.088600,-0.030505,0.018450,-0.002367
-0.038688,-0.503999,0.091911,-0.030537,0.011229,-0.004847
-0.034347,-0.505426,0.096153,-0.030118,0.006630,-0.005721
-0.031034,-0.505151,0.099713,-0.029350,0.004841,-0.004764
-0.031051,-0.503500,0.101852,-0.028264,0.004556,-0.003324
-0.033976,-0.500782,0.102292,-0.027053,0.004501,-0.002718
-0.038329,-0.497847,0.101273,-0.026106,0.004266,-0.002911
-0.042694,-0.496030,0.099967,-0.025522,0.003653,-0.003583
-0.045484,-0.495587,0.099641,-0.025058,0.002575,-0.004758
-0.045880,-0.495831,0.100618,-0.024480,0.001544,-0.006176
-0.044896,-0.496367,0.102307,-0.023501,0.001089,-0.007674
-0.043978,-0.496504,0.103943,-0.021887,0.000900,-0.009709
-0.043244,-0.495209,0.105198,-0.019883,0.000377,-0.012511
-0.042007,-0.492463,0.106327,-0.018104,-0.000577,-0.015620
-0.039759,-0.489137,0.107598,-0.017099,-0.001662,-0.018397
-0.036537,-0.486100,0.108667,-0.017201,-0.002364,-0.020073
-0.033247,-0.484163,0.108923,-0.018434,-0.002303,-0.020012
-0.030836,-0.483921,0.108268,-0.020397,-0.001701,-0.018521
-0.029277,-0.485346,0.107114,-0.022415,-0.001048,-0.016585
-0.028113,-0.487839,0.105970,-0.023829,-0.000590,-0.015082
-0.026917,-0.490488,0.105141,-0.024236,-0.000341,-0.014592
-0.025190,-0.492273,0.104626,-0.023681,-0.000087,-0.015137
-0.022777,-0.492495,0.104276,-0.022648,0.000520,-0.016123
-0.020010,-0.491293,0.103796,-0.021796,0.001632,-0.016887
-0.017178,-0.489467,0.102771,-0.021738,0.003088,-0.016971
-0.014261,-0.488211,0.101069,-0.022936,0.004786,-0.015873
-0.011453,-0.488987,0.099052,-0.025356,0.006802,-0.013346
-0.009450,-0.492481,0.097167,-0.028229,0.008910,-0.010002
-0.008694,-0.498078,0.095372,-0.030449,0.010551,-0.006999
-0.009083,-0.504501,0.093239,-0.031137,0.011379,-0.005263
-0.010561,-0.510323,0.090478,-0.030013,0.011442,-0.005160
-0.013113,-0.514230,0.087100,-0.027485,0.010819,-0.006575
-0.015989,-0.515478,0.083276,-0.024413,0.009417,-0.009067
-0.017726,-0.514283,0.079282,-0.021732,0.007462,-0.011834
-0.017541,-0.511663,0.075574,-0.020161,0.005765,-0.013770
-0.016126,-0.509081,0.072796,-0.019914,0.004850,-0.014127
-0.014640,-0.507762,0.071346,-0.020575,0.004399,-0.013054
-0.013737,-0.507992,0.070960,-0.021432,0.003865,-0.011233
-0.013788,-0.509447,0.071170,-0.021843,0.002895,-0.009406
-0.015007,-0.511717,0.071851,-0.021321,0.001207,-0.008369
-0.016901,-0.514129,0.072984,-0.019640,-0.001296,-0.008727
-0.018284,-0.515862,0.074431,-0.016943,-0.004368,-0.010438
-0.018130,-0.516532,0.076184,-0.013655,-0.007561,-0.012865
-0.016042,-0.516283,0.078240,-0.010342,-0.010218,-0.015032
-0.012465,-0.515514,0.080216,-0.007576,-0.011560,-0.015835
-0.008662,-0.514576,0.081783,-0.005633,-0.011432,-0.014779
-0.005351,-0.513299,0.082948,-0.004493,-0.010407,-0.012178
-0.002467,-0.511391,0.083787,-0.004162,-0.008790,-0.008314
-0.000819,-0.509376,0.084708,-0.004507,-0.006844,-0.003742
-0.001321,-0.507899,0.086233,-0.005013,-0.005598,0.000015
-,-,-,-,-,-
0.000031,-0.009067,0.001783,-0.000075,-0.000155,-0.000050
0.000010,-0.052201,0.010210,-0.000472,-0.000916,-0.000339
-0.000339,-0.144421,0.028185,-0.001435,-0.002564,-0.001130
-0.000991,-0.266932,0.052136,-0.002925,-0.004703,-0.002453
-0.001570,-0.385048,0.075423,-0.004725,-0.006547,-0.003930
-0.001988,-0.473326,0.093117,-0.006695,-0.007476,-0.005044
-0.002329,-0.522875,0.103393,-0.008831,-0.007269,-0.005321
-0.002541,-0.538574,0.107014,-0.011177,-0.006078,-0.004368
-0.002967,-0.532509,0.106314,-0.013545,-0.004331,-0.002327
-0.004403,-0.517478,0.103897,-0.015389,-0.002688,-0.000196
-0.007231,-0.502686,0.101473,-0.016165,-0.001758,0.000792
-0.011077,-0.492662,0.099798,-0.015778,-0.001752,0.000065
-0.015109,-0.488323,0.099269,-0.014619,-0.002509,-0.002056
-0.018201,-0.488590,0.100002,-0.013323,-0.003572,-0.004593
-0.019552,-0.491843,0.101624,-0.012424,-0.004305,-0.006354
-0.019588,-0.496586,0.103536,-0.012035,-0.004365,-0.006709
-0.019357,-0.501463,0.105337,-0.011802,-0.004096,-0.006097
-0.019094,-0.505194,0.106937,-0.011275,-0.004125,-0.005547
-0.018125,-0.506693,0.108485,-0.010401,-0.004591,-0.005644
-0.015880,-0.505594,0.110130,-0.009747,-0.004898,-0.005882
-0.012684,-0.502720,0.111888,-0.010113,-0.004236,-0.005170
-0.009489,-0.499703,0.113581,-0.011853,-0.002276,-0.002945
-0.006854,-0.498235,0.114684,-0.014612,0.000854,0.000506
-0.004853,-0.499041,0.114737,-0.017651,0.004885,0.004470
-0.003341,-0.501133,0.113779,-0.020450,0.009388,0.008356
-0.001818,-0.502989,0.112178,-0.023000,0.014138,0.012216
-0.000145,-0.503829,0.110340,-0.025449,0.019252,0.016460
0.001161,-0.503332,0.108008,-0.027863,0.024629,0.021414
0.001739,-0.501718,0.104504,-0.030298,0.029767,0.027452
0.001588,-0.499845,0.100047,-0.032521,0.033830,0.034196
0.001367,-0.498667,0.095254,-0.034016,0.036403,0.040068
0.001070,-0.498826,0.090018,-0.034449,0.038443,0.043950
-0.001572,-0.500026,0.084490,-0.033592,0.040317,0.045504
-0.006633,-0.500202,0.079888,-0.031313,0.040263,0.043994
-0.008985,-0.495759,0.077342,-0.028580,0.037963,0.040362
-0.004554,-0.485386,0.077036,-0.027803,0.036767,0.038721
0.005919,-0.473384,0.078067,-0.030661,0.040861,0.041890
0.018867,-0.464371,0.079270,-0.036630,0.052157,0.048839
0.028884,-0.458552,0.080333,-0.044773,0.068388,0.058170
0.031810,-0.456189,0.080646,-0.053962,0.084456,0.068233
0.027293,-0.458233,0.079163,-0.061724,0.096422,0.075092
0.017593,-0.462696,0.076218,-0.066241,0.102710,0.075626
0.007239,-0.465840,0.073773,-0.068024,0.103024,0.070918
0.003170,-0.464150,0.074614,-0.068971,0.098958,0.065649
0.011222,-0.455202,0.079846,-0.071299,0.095860,0.064893
0.031642,-0.438408,0.086855,-0.077891,0.101520,0.072693
0.060593,-0.416452,0.091359,-0.094010,0.121630,0.095447
0.091059,-0.397048,0.090502,-0.124004,0.157739,0.139213
0.109335,-0.389799,0.085693,-0.162313,0.206284,0.196328
0.101238,-0.390958,0.081772,-0.195109,0.255760,0.244693
0.067166,-0.380485,0.080140,-0.215871,0.290686,0.268527
0.024512,-0.349814,0.076585,-0.231665,0.302887,0.271323
-0.007724,-0.309250,0.066784,-0.252810,0.297533,0.267724
-0.022335,-0.266059,0.049814,-0.286744,0.289580,0.274786
-0.025562,-0.224027,0.027585,-0.338688,0.293630,0.305245
-0.029496,-0.196268,0.003677,-0.404438,0.314163,0.356771
-0.038881,-0.196082,-0.016143,-0.467684,0.346476,0.411008
-0.050486,-0.222073,-0.026584,-0.513329,0.385380,0.447609
-0.066284,-0.267530,-0.027436,-0.532942,0.425632,0.456904
-0.094088,-0.324969,-0.021499,-0.521663,0.457820,0.435588
-0.136463,-0.377142,-0.012336,-0.489255,0.473966,0.384625
-0.191992,-0.416271,-0.003434,-0.461746,0.469421,0.312222
-0.256627,-0.456990,0.002700,-0.455492,0.437022,0.223064
-0.315127,-0.505736,0.001907,-0.464066,0.375458,0.123049
-0.351971,-0.548980,-0.008543,-0.474272,0.299073,0.033879
