744-,-,-,-,-,-
-0.000921,-0.006436,0.000597,0.003138,-0.004762,-0.000266
-0.004542,-0.037820,0.003120,0.016722,-0.028120,0.000123
-0.009874,-0.109227,0.007671,0.043600,-0.079682,0.004332
-0.013868,-0.213352,0.013021,0.079227,-0.151390,0.016649
-0.017496,-0.324708,0.018001,0.118014,-0.228311,0.043130
-0.022971,-0.416903,0.020189,0.153306,-0.302223,0.085934
-0.025080,-0.475392,0.020731,0.174286,-0.366582,0.136964
-0.015303,-0.503137,0.026751,0.169226,-0.405155,0.182702
0.003870,-0.516158,0.038731,0.135233,-0.398349,0.209257
0.017516,-0.527838,0.049747,0.084952,-0.345443,0.209628
0.013421,-0.540039,0.057113,0.039653,-0.271320,0.191615
-0.006932,-0.547897,0.061604,0.014588,-0.208087,0.172594
-0.032115,-0.547203,0.063070,0.010916,-0.174355,0.166318
-0.050627,-0.537710,0.060968,0.018964,-0.169193,0.174340
-0.057149,-0.523086,0.055639,0.027191,-0.179837,0.188928
-0.053119,-0.509843,0.048385,0.029643,-0.192783,0.200693
-0.042895,-0.502441,0.041043,0.027141,-0.199094,0.202185
-0.030224,-0.499107,0.035514,0.022819,-0.194398,0.191296
-0.018867,-0.495860,0.032856,0.018698,-0.178226,0.173928
-0.013614,-0.491827,0.033458,0.015968,-0.154685,0.160615
-0.017307,-0.488970,0.036522,0.015324,-0.132109,0.160458
-0.026589,-0.489951,0.039770,0.016080,-0.117032,0.174822
-0.034751,-0.496723,0.042891,0.016158,-0.106825,0.192807
-0.040073,-0.508478,0.047603,0.014092,-0.092400,0.196612
-0.046309,-0.520427,0.052816,0.010388,-0.068336,0.174690
-0.056330,-0.526204,0.055603,0.006438,-0.037722,0.130670
-0.069495,-0.522321,0.055665,0.002801,-0.009326,0.080810
-0.082175,-0.510759,0.055015,-0.001098,0.008576,0.042315
-0.088939,-0.497177,0.055193,-0.005916,0.014002,0.023004
-0.085251,-0.486508,0.056546,-0.011884,0.012375,0.019967
-0.070942,-0.480469,0.058851,-0.019043,0.012443,0.025638
-0.052588,-0.478480,0.062104,-0.026986,0.020068,0.034595
-0.041458,-0.480234,0.067067,-0.033762,0.032151,0.046905
-0.045482,-0.487149,0.073160,-0.035145,0.036605,0.066576
-0.061784,-0.500609,0.077444,-0.027217,0.022846,0.093912
-0.078880,-0.517432,0.077445,-0.011075,-0.007268,0.120969
-0.086638,-0.529980,0.072637,0.007111,-0.040395,0.139133
-0.084130,-0.533556,0.065939,0.022354,-0.061713,0.149323
-0.080239,-0.528904,0.063391,0.034105,-0.064683,0.158541
-0.086095,-0.517330,0.067379,0.041598,-0.054569,0.164927
-0.103846,-0.499750,0.073897,0.042071,-0.043837,0.158150
-0.123506,-0.479267,0.077798,0.034525,-0.042293,0.134322
-0.131392,-0.463529,0.073537,0.021144,-0.049102,0.101605
-0.122255,-0.462722,0.058664,0.008196,-0.054594,0.073519
-0.103430,-0.474840,0.044080,0.002729,-0.049925,0.054693
-0.085868,-0.482934,0.042787,0.002949,-0.034078,0.042096
-0.075155,-0.479683,0.052102,-0.000365,-0.012063,0.039243
-0.072319,-0.475958,0.061752,-0.010935,0.011001,0.050344
-0.077512,-0.481431,0.066591,-0.023219,0.031760,0.068286
-0.090266,-0.493466,0.066870,-0.029855,0.046740,0.080109
-0.107084,-0.502987,0.063947,-0.028544,0.052886,0.080595
-0.122509,-0.505094,0.059133,-0.022503,0.050129,0.075880
-0.133383,-0.502975,0.055034,-0.015755,0.040597,0.073085
-0.138424,-0.501464,0.053106,-0.009767,0.026734,0.071778
-0.135829,-0.501918,0.051852,-0.004024,0.012321,0.067826
-0.125389,-0.503725,0.050828,0.002322,0.002913,0.060964
-0.111019,-0.506556,0.051867,0.009719,0.002967,0.054666
-0.098498,-0.510077,0.055204,0.018953,0.012881,0.050240
-0.090983,-0.512043,0.059228,0.030432,0.029974,0.045176
-0.087816,-0.509361,0.062155,0.042255,0.052082,0.037525
-0.088261,-0.501714,0.062174,0.051794,0.079114,0.026654
-0.093499,-0.491379,0.059523,0.057205,0.110871,0.009269
-0.102960,-0.480924,0.057125,0.056404,0.144518,-0.017843
-0.113616,-0.472243,0.057428,0.048319,0.175700,-0.050867
-0.124847,-0.465688,0.061294,0.034120,0.199672,-0.079932
-0.138314,-0.461405,0.068706,0.015879,0.210035,-0.097885
-0.150794,-0.461684,0.077359,-0.003680,0.201793,-0.107546
-0.152772,-0.468717,0.082507,-0.020455,0.179087,-0.118315
-0.138052,-0.480544,0.080430,-0.030306,0.156407,-0.134997
-0.111400,-0.490648,0.072317,-0.032635,0.149423,-0.156528
-0.084625,-0.494045,0.064103,-0.030951,0.165976,-0.182050
-0.070743,-0.494979,0.060629,-0.027073,0.202141,-0.207531
-0.078786,-0.500574,0.062362,-0.018170,0.241401,-0.228474
-0.102065,-0.507729,0.067531,-0.002388,0.263431,-0.247589
-0.118164,-0.507072,0.073085,0.015910,0.261675,-0.263238
-0.112485,-0.496418,0.076279,0.028641,0.249029,-0.260478
-0.094766,-0.482011,0.077753,0.030014,0.240437,-0.226688
-0.084125,-0.471830,0.079664,0.019418,0.235499,-0.167792
-0.086042,-0.470883,0.081869,0.001106,0.224078,-0.103958
-0.091818,-0.478962,0.082696,-0.018147,0.201988,-0.053164
-0.093071,-0.492456,0.081454,-0.032549,0.175402,-0.021824
-0.089612,-0.507160,0.079456,-0.039158,0.152563,-0.008630
-0.084569,-0.519278,0.078193,-0.037467,0.136165,-0.009826
-0.079097,-0.525542,0.077007,-0.028808,0.125447,-0.019073
-0.075312,-0.524120,0.074992,-0.016063,0.119271,-0.028403
-0.076632,-0.515810,0.072933,-0.002579,0.113934,-0.033026
-0.082348,-0.503038,0.071733,0.008956,0.104044,-0.032805
-0.087574,-0.488499,0.071254,0.016720,0.087674,-0.028018
-0.089120,-0.474782,0.071076,0.019689,0.067382,-0.017236
-0.087961,-0.464928,0.071457,0.017753,0.046537,-0.000129
-0.086235,-0.461955,0.072971,0.012068,0.026760,0.020053
-0.084377,-0.466357,0.074846,0.005044,0.008931,0.038322
-0.082121,-0.475833,0.075473,-0.000836,-0.005236,0.051992
-0.080616,-0.487025,0.074923,-0.004125,-0.014778,0.061243
-0.080456,-0.496009,0.074302,-0.004695,-0.021016,0.067050
-0.079645,-0.499509,0.073181,-0.003951,-0.024391,0.071343
-0.078210,-0.497448,0.070660,-0.004056,-0.022871,0.076749
-0.080430,-0.492982,0.067610,-0.006175,-0.016880,0.083958
-0.088301,-0.489818,0.065385,-0.009798,-0.011261,0.090993
-0.098136,-0.490198,0.064227,-0.013404,-0.010012,0.095406
-0.105536,-0.494509,0.064137,-0.015362,-0.013039,0.095844
-0.109457,-0.501670,0.065299,-0.014423,-0.018436,0.091512
-0.110975,-0.509215,0.067202,-0.010162,-0.024762,0.082075
-0.111250,-0.513830,0.068527,-0.003466,-0.030862,0.069066
-0.111220,-0.513359,0.068320,0.003623,-0.035760,0.056297
-0.111225,-0.507829,0.066901,0.008929,-0.039272,0.047521
-0.110164,-0.498597,0.065283,0.011179,-0.041789,0.043509
-0.106256,-0.487612,0.063977,0.010067,-0.043025,0.042428
-0.099628,-0.477338,0.063096,0.005851,-0.041201,0.042487
-0.093657,-0.470540,0.063158,-0.000598,-0.034984,0.042857
-0.092349,-0.468812,0.064671,-0.007775,-0.026243,0.042932
-0.096249,-0.471449,0.067251,-0.014188,-0.018862,0.042149
-0.102637,-0.476573,0.070030,-0.018918,-0.015221,0.040369
-0.109082,-0.482758,0.072480,-0.021522,-0.015433,0.037241
-0.114177,-0.489282,0.074469,-0.021827,-0.018929,0.031683
-0.116168,-0.495238,0.076085,-0.020005,-0.024659,0.023066
-0.114001,-0.499710,0.077273,-0.016574,-0.030222,0.012187
-0.109559,-0.502620,0.077908,-0.012063,-0.033128,0.000563
-0.106231,-0.503864,0.078165,-0.006907,-0.033397,-0.010796
-0.104625,-0.502459,0.078015,-0.001717,-0.032844,-0.021222
-0.102639,-0.497202,0.076493,0.002850,-0.031638,-0.031441
-0.099830,-0.488167,0.072637,0.005867,-0.028462,-0.043363
-0.098058,-0.478251,0.067595,0.005682,-0.023485,-0.054470
-0.098222,-0.471535,0.064119,0.001476,-0.018171,-0.059434
-0.098957,-0.469549,0.064032,-0.005498,-0.013775,-0.057587
-0.098333,-0.472239,0.066839,-0.012744,-0.010726,-0.053601
-0.096278,-0.478338,0.069948,-0.017806,-0.008490,-0.052859
-0.094438,-0.483094,0.071112,-0.020369,-0.006547,-0.055290
-,-,-,-,-,-
-0.001520,-0.008663,0.001394,-0.000758,-0.000008,-0.000388
-0.008970,-0.050294,0.007981,-0.004305,0.000098,-0.002738
-0.025586,-0.140657,0.022166,-0.011661,0.000378,-0.009194
-0.048730,-0.263195,0.041475,-0.020861,0.000156,-0.020156
-0.071926,-0.384408,0.060680,-0.028673,-0.001484,-0.033367
-0.089891,-0.477960,0.075304,-0.032971,-0.004514,-0.045631
-0.100853,-0.533198,0.083590,-0.033561,-0.008396,-0.054659
-0.105319,-0.554350,0.088107,-0.031232,-0.012900,-0.060603
-0.104490,-0.552818,0.093456,-0.026201,-0.017713,-0.066231
-0.100195,-0.538040,0.098832,-0.019371,-0.021919,-0.072299
-0.094870,-0.517768,0.098988,-0.013511,-0.023994,-0.075387
-0.091265,-0.500019,0.092833,-0.010429,-0.023176,-0.073337
-0.090477,-0.488578,0.083656,-0.009586,-0.020964,-0.067768
-0.090298,-0.482655,0.074452,-0.009829,-0.018747,-0.061142
-0.088393,-0.479957,0.067078,-0.010491,-0.015536,-0.054768
-0.085085,-0.478158,0.062748,-0.011995,-0.010098,-0.048355
-0.082068,-0.477322,0.061810,-0.015043,-0.002596,-0.041098
-0.081415,-0.479361,0.063856,-0.018991,0.005530,-0.033516
-0.084545,-0.484493,0.067778,-0.022294,0.011716,-0.027369
-0.090496,-0.490528,0.071865,-0.023986,0.013620,-0.023912
-0.096205,-0.494323,0.074749,-0.024299,0.010672,-0.022857
-0.098442,-0.493818,0.076086,-0.024389,0.004361,-0.023025
-0.095592,-0.490022,0.076234,-0.025560,-0.002292,-0.023518
-0.088897,-0.486431,0.075846,-0.028257,-0.006057,-0.024531
-0.081818,-0.486350,0.075662,-0.031668,-0.005498,-0.027241
-0.077399,-0.490631,0.076117,-0.034375,-0.001772,-0.032492
-0.076220,-0.497327,0.076928,-0.035333,0.002798,-0.039323
-0.076725,-0.503503,0.077313,-0.034571,0.006892,-0.045050
-0.077749,-0.507221,0.076847,-0.033091,0.010661,-0.047500
-0.079640,-0.507862,0.075698,-0.032142,0.014057,-0.046902
-0.082072,-0.505565,0.074071,-0.032650,0.016209,-0.045058
-0.083230,-0.501356,0.072259,-0.034894,0.016820,-0.043333
-0.082144,-0.497276,0.070958,-0.038323,0.016535,-0.042066
-0.079790,-0.495156,0.070750,-0.041728,0.015828,-0.041289
-0.077656,-0.495414,0.071563,-0.043861,0.014582,-0.041055
-0.076435,-0.497201,0.072743,-0.044146,0.012680,-0.041123
-0.076121,-0.499304,0.073668,-0.042862,0.010460,-0.040963
-0.076406,-0.501060,0.074080,-0.040731,0.008557,-0.040374
-0.076632,-0.502294,0.073665,-0.038457,0.007689,-0.039500
-0.076289,-0.502951,0.072264,-0.036637,0.008637,-0.038029
-0.075714,-0.503669,0.070464,-0.035613,0.011725,-0.035616
-0.075456,-0.505553,0.069367,-0.035120,0.016232,-0.032938
-0.075509,-0.508914,0.069745,-0.034372,0.020854,-0.031059
-0.076007,-0.512758,0.071329,-0.032554,0.024392,-0.030375
-0.077481,-0.515099,0.073193,-0.029329,0.025564,-0.030391
-0.079558,-0.514077,0.074636,-0.025138,0.023207,-0.029987
-0.080562,-0.509292,0.075394,-0.021015,0.017466,-0.028193
-0.079093,-0.502023,0.075407,-0.018072,0.010148,-0.024961
-0.075300,-0.494480,0.074737,-0.017024,0.003611,-0.021390
-0.070322,-0.488559,0.073806,-0.017946,-0.000290,-0.018982
-0.065208,-0.484932,0.073290,-0.020473,-0.000502,-0.018216
-0.060829,-0.483687,0.073674,-0.024009,0.003203,-0.018291
-0.058371,-0.485033,0.075080,-0.027631,0.009993,-0.018259
-0.059077,-0.488635,0.077286,-0.030263,0.017853,-0.017760
-0.063279,-0.493516,0.079791,-0.031105,0.024378,-0.016952
-0.070126,-0.498729,0.082033,-0.029806,0.027977,-0.016234
-0.078635,-0.503336,0.083609,-0.026469,0.028199,-0.016049
-0.087879,-0.506259,0.084178,-0.021629,0.025277,-0.017073
-0.095833,-0.506654,0.083495,-0.016189,0.020147,-0.020174
-0.100641,-0.504092,0.082397,-0.011308,0.014397,-0.026055
-0.102541,-0.498733,0.082583,-0.008142,0.008917,-0.034908
-0.102406,-0.491952,0.084240,-0.007149,0.003396,-0.046271
-0.100507,-0.485949,0.086506,-0.007501,-0.002493,-0.059293
-0.097678,-0.482670,0.089191,-0.007578,-0.008399,-0.071968
-0.096009,-0.483353,0.091752,-0.005909,-0.013777,-0.081259
-0.098019,-0.488327,0.093561,-0.001377,-0.019091,-0.085644
-0.104098,-0.495983,0.095209,0.006516,-0.026490,-0.086727
-0.110093,-0.502040,0.097206,0.016743,-0.037619,-0.087616
-0.110705,-0.501871,0.098697,0.026694,-0.050225,-0.089541
-0.105666,-0.493782,0.099041,0.033751,-0.059845,-0.091596
-0.098002,-0.479541,0.098769,0.036562,-0.064317,-0.093136
-0.089524,-0.462753,0.098498,0.034836,-0.063593,-0.094087
-0.081914,-0.447019,0.099030,0.029242,-0.058898,-0.094837
-0.075772,-0.434927,0.101103,0.021417,-0.053231,-0.097031
-0.068562,-0.427886,0.104108,0.013128,-0.048271,-0.101807
-0.059426,-0.426645,0.106887,0.005739,-0.042756,-0.108089
-0.052085,-0.431363,0.108946,0.000376,-0.036219,-0.115093
-0.049376,-0.439751,0.109858,-0.002192,-0.030471,-0.124521
-0.050221,-0.446997,0.109179,-0.002089,-0.026892,-0.138279
-0.052775,-0.449937,0.107031,-0.000546,-0.025840,-0.155361
-0.055598,-0.449137,0.103361,0.000670,-0.027472,-0.171898
-0.056970,-0.446046,0.097654,-0.000233,-0.031016,-0.183464
-0.055811,-0.441738,0.090140,-0.004727,-0.035047,-0.187589
-0.051663,-0.438379,0.082344,-0.012948,-0.038862,-0.184807
-0.043536,-0.437616,0.076263,-0.023364,-0.042249,-0.177355
-0.030487,-0.439075,0.073405,-0.034224,-0.044159,-0.167010
-0.013365,-0.442993,0.074440,-0.044456,-0.042491,-0.154312
0.004897,-0.450189,0.078697,-0.053039,-0.035382,-0.139440
0.019713,-0.458818,0.083917,-0.058882,-0.022812,-0.123157
0.026060,-0.464990,0.087491,-0.061720,-0.007992,-0.107339
0.022779,-0.465595,0.087692,-0.062903,0.003888,-0.094610
0.014647,-0.459575,0.083636,-0.065424,0.010637,-0.085876
0.006527,-0.448939,0.075795,-0.072561,0.014854,-0.079326
-0.001079,-0.438964,0.066773,-0.085584,0.018617,-0.073538
-0.006312,-0.436446,0.060023,-0.102716,0.020481,-0.068869
-0.002775,-0.445984,0.057404,-0.119973,0.020721,-0.065348
0.011340,-0.466419,0.058723,-0.132849,0.023953,-0.062581
0.028285,-0.491047,0.062925,-0.137994,0.032923,-0.061292
0.039304,-0.509947,0.067866,-0.134585,0.044544,-0.061875
0.041413,-0.513883,0.070371,-0.125037,0.053734,-0.061999
0.035818,-0.500054,0.068624,-0.114089,0.057223,-0.058523
0.026238,-0.473324,0.062696,-0.106843,0.054373,-0.050755
0.016549,-0.443389,0.053044,-0.107210,0.047575,-0.040059
0.007315,-0.422495,0.041370,-0.116400,0.039643,-0.029308
-0.000507,-0.422029,0.031295,-0.131521,0.030492,-0.023648
-0.001199,-0.447210,0.025736,-0.145949,0.020254,-0.027354
0.008402,-0.491804,0.025124,-0.152585,0.012675,-0.039722
0.022625,-0.540094,0.027903,-0.147784,0.010436,-0.057274
0.035065,-0.576544,0.031046,-0.132314,0.011024,-0.076000
0.045288,-0.592061,0.031648,-0.110491,0.010844,-0.090111
0.053840,-0.585881,0.029198,-0.089144,0.009099,-0.094991
0.059457,-0.566205,0.025251,-0.074770,0.006061,-0.090906
0.062302,-0.546322,0.021114,-0.070193,0.002098,-0.081251
0.063714,-0.537360,0.017577,-0.073974,-0.001269,-0.070618
0.064031,-0.544001,0.015644,-0.081878,-0.002514,-0.064330
0.063510,-0.564744,0.015715,-0.088655,-0.001384,-0.066262
0.062717,-0.593928,0.017314,-0.089977,0.001765,-0.076735
0.061416,-0.623465,0.019903,-0.084370,0.005975,-0.091658
0.058989,-0.644547,0.022687,-0.073511,0.009820,-0.103844
0.055410,-0.651701,0.024373,-0.060575,0.012438,-0.107147
0.051715,-0.645571,0.024395,-0.048906,0.013446,-0.099364
0.049953,-0.629539,0.023205,-0.041471,0.013497,-0.081574
0.050532,-0.606261,0.021072,-0.040046,0.015003,-0.056474
0.050517,-0.578975,0.018188,-0.044679,0.019044,-0.027432
0.047782,-0.552309,0.015515,-0.054032,0.023374,0.002496
0.043725,-0.530292,0.014146,-0.066072,0.025981,0.031374
0.039653,-0.514854,0.014358,-0.078534,0.027119,0.057320
0.035811,-0.505927,0.015668,-0.089399,0.027462,0.077419
-,-,-,-,-,-
0.000784,-0.007806,0.000305,-0.002128,0.001220,0.002454
0.003769,-0.045067,0.001699,-0.012463,0.007090,0.013823
0.008233,-0.123870,0.004355,-0.035621,0.019910,0.036543
0.011518,-0.225379,0.006858,-0.069486,0.037556,0.063453
0.012313,-0.318115,0.007453,-0.108333,0.055654,0.086582
0.010560,-0.381909,0.005735,-0.147115,0.070934,0.103695
0.006330,-0.413099,0.002550,-0.182813,0.082028,0.114534
0.001122,-0.420818,-0.000910,-0.214337,0.089190,0.118301
-0.002365,-0.420998,-0.003121,-0.240387,0.093906,0.114056
-0.002949,-0.425922,-0.002640,-0.258510,0.097028,0.101305
-0.000573,-0.435242,-0.000475,-0.268170,0.098120,0.082312
0.005425,-0.443077,0.000207,-0.272265,0.098830,0.062313
0.013101,-0.446841,-0.002685,-0.274853,0.102513,0.047161
0.016946,-0.445150,-0.009444,-0.279128,0.109268,0.039703
0.014865,-0.437923,-0.019439,-0.286592,0.116469,0.036566
0.011217,-0.429004,-0.031213,-0.297419,0.122800,0.032947
0.010595,-0.424218,-0.042665,-0.311257,0.129030,0.028857
0.012933,-0.428466,-0.051531,-0.326706,0.136385,0.025775
0.016548,-0.445889,-0.056102,-0.340277,0.144483,0.022331
0.022367,-0.477534,-0.057353,-0.347189,0.152627,0.017663
0.028770,-0.516252,-0.058331,-0.344343,0.162273,0.014271
0.028301,-0.549019,-0.059807,-0.332275,0.171894,0.013363
0.021618,-0.564781,-0.061396,-0.314294,0.174085,0.011997
0.023806,-0.560262,-0.065289,-0.295492,0.168543,0.009408
0.041150,-0.543925,-0.072972,-0.281236,0.168756,0.010054
0.056575,-0.532799,-0.082096,-0.273377,0.184141,0.015893
0.052034,-0.540366,-0.089730,-0.268696,0.206897,0.022234
0.029152,-0.568782,-0.094205,-0.261145,0.222179,0.022893
0.003149,-0.609303,-0.095072,-0.244716,0.221563,0.014837
-0.009220,-0.644466,-0.095344,-0.217625,0.208303,0.000535
-0.002531,-0.658021,-0.099579,-0.184674,0.195020,-0.011521
0.009027,-0.647063,-0.108613,-0.153085,0.191136,-0.012756
0.007796,-0.619400,-0.120232,-0.128103,0.192732,-0.001825
-0.007299,-0.586365,-0.130974,-0.112600,0.189039,0.015607
-0.023611,-0.562371,-0.136666,-0.106279,0.174780,0.032203
-0.028863,-0.560333,-0.135671,-0.104319,0.154071,0.043025
-0.020871,-0.580204,-0.129087,-0.099036,0.134792,0.047561
-0.006302,-0.607796,-0.118676,-0.085604,0.122470,0.049924
0.006443,-0.629275,-0.107175,-0.065430,0.119247,0.053152
0.013031,-0.638499,-0.097773,-0.041732,0.123038,0.055796
0.016632,-0.631705,-0.092112,-0.016414,0.129448,0.056978
0.022690,-0.608630,-0.090733,0.007654,0.137911,0.057389
0.029246,-0.575808,-0.093647,0.026476,0.150924,0.056565
0.029046,-0.542247,-0.098750,0.037707,0.166898,0.052296
0.019548,-0.514525,-0.103257,0.042088,0.180395,0.041889
0.003261,-0.494514,-0.106052,0.042003,0.188080,0.025536
-0.016571,-0.482079,-0.106486,0.039645,0.188691,0.006025
-0.034112,-0.478280,-0.103784,0.037038,0.181443,-0.013537
-0.042959,-0.482694,-0.098671,0.036322,0.169170,-0.029111
-0.044031,-0.491988,-0.093212,0.038742,0.157457,-0.036928
-0.044221,-0.501983,-0.088935,0.043889,0.148097,-0.036092
-0.046598,-0.508215,-0.086642,0.050266,0.138520,-0.027785
-0.049021,-0.506889,-0.086964,0.055755,0.127586,-0.013252
-0.050772,-0.497540,-0.089422,0.058054,0.116310,0.005912
-0.052139,-0.483283,-0.092202,0.055696,0.104555,0.025649
-0.050240,-0.469104,-0.093397,0.048667,0.092400,0.040546
-0.042708,-0.462457,-0.091773,0.038695,0.082509,0.047847
-0.032448,-0.470606,-0.087071,0.029592,0.076938,0.047349
-0.024094,-0.492417,-0.080221,0.026261,0.073722,0.039848
-0.019065,-0.517913,-0.073458,0.031730,0.069668,0.027957
-0.016927,-0.536100,-0.068876,0.044675,0.063573,0.015535
-0.016485,-0.540574,-0.067093,0.060157,0.055498,0.005514
-0.015842,-0.530532,-0.068645,0.072233,0.047525,-0.000502
-0.016699,-0.510161,-0.073497,0.076127,0.042804,-0.001720
-0.022106,-0.488026,-0.079217,0.070278,0.040205,0.000583
-0.028496,-0.472176,-0.083202,0.057183,0.035913,0.003175
-0.029200,-0.465625,-0.084605,0.041292,0.030279,0.004189
-0.023497,-0.469109,-0.083009,0.026852,0.027113,0.004158
-0.016583,-0.482786,-0.078296,0.017759,0.028299,0.004338
-0.014006,-0.502622,-0.071322,0.016865,0.031519,0.006757
-0.016981,-0.520457,-0.063034,0.024345,0.032183,0.013209
-0.021126,-0.530117,-0.054695,0.037924,0.028449,0.022107
-0.022811,-0.530717,-0.048976,0.054509,0.023493,0.029078
-0.025189,-0.523486,-0.047938,0.070818,0.020234,0.030056
-0.031870,-0.508906,-0.050977,0.083920,0.017166,0.022094
-0.040149,-0.488265,-0.056202,0.091857,0.012602,0.004816
-0.045953,-0.465388,-0.061625,0.093481,0.007937,-0.017763
-0.048586,-0.445391,-0.065422,0.088634,0.004878,-0.039618
-0.048761,-0.432463,-0.066602,0.078354,0.003752,-0.055792
-0.047558,-0.429352,-0.065089,0.064636,0.004390,-0.063255
-0.047248,-0.436495,-0.061597,0.050124,0.005839,-0.061472
-0.049731,-0.450385,-0.057383,0.037223,0.005399,-0.052469
-0.053420,-0.465501,-0.053728,0.027185,0.000152,-0.039796
-0.053872,-0.477806,-0.051462,0.020050,-0.009842,-0.027029
-0.048324,-0.485510,-0.050482,0.015046,-0.021611,-0.016725
-0.037305,-0.488310,-0.050240,0.011022,-0.031888,-0.010134
-0.023428,-0.486876,-0.050515,0.006793,-0.038153,-0.007052
-0.010772,-0.482678,-0.051122,0.001320,-0.039513,-0.006224
-0.002196,-0.478053,-0.051727,-0.005962,-0.037542,-0.006445
0.003346,-0.476466,-0.051952,-0.014692,-0.034594,-0.007044
0.008567,-0.481539,-0.051335,-0.023338,-0.031569,-0.007731
0.014151,-0.494413,-0.049646,-0.029646,-0.028103,-0.008390
0.018722,-0.512520,-0.047270,-0.031782,-0.024124,-0.009008
0.021161,-0.530547,-0.045203,-0.029303,-0.020214,-0.009855
0.021676,-0.542629,-0.044564,-0.023489,-0.016858,-0.011204
0.021362,-0.545464,-0.045654,-0.016699,-0.014264,-0.012842
0.021683,-0.539778,-0.047732,-0.011043,-0.012463,-0.014333
0.023778,-0.528999,-0.049791,-0.007589,-0.010999,-0.015589
0.027877,-0.517444,-0.051091,-0.006383,-0.008971,-0.017096
0.033157,-0.508821,-0.051398,-0.006723,-0.005478,-0.019342
0.037582,-0.504892,-0.050965,-0.007628,-0.000245,-0.022137
0.038931,-0.505149,-0.050489,-0.008451,0.005902,-0.024820
0.036780,-0.508462,-0.050896,-0.009113,0.011641,-0.026526
0.032888,-0.514939,-0.052517,-0.009547,0.016221,-0.026356
0.029390,-0.525047,-0.055053,-0.009193,0.019592,-0.023934
0.027395,-0.538121,-0.058263,-0.007188,0.021720,-0.019954
0.027243,-0.552685,-0.062173,-0.002826,0.022630,-0.016204
0.028305,-0.567297,-0.066583,0.004058,0.022828,-0.015005
0.029126,-0.581467,-0.070580,0.013123,0.022626,-0.018508
0.029081,-0.595164,-0.072939,0.024072,0.022322,-0.028168
0.028793,-0.608312,-0.072930,0.037177,0.023147,-0.043701
0.028564,-0.621252,-0.070748,0.053075,0.026057,-0.061032
0.026902,-0.632686,-0.067113,0.071888,0.030610,-0.074047
0.021560,-0.640121,-0.062948,0.092875,0.035001,-0.079885
0.012935,-0.642015,-0.059128,0.114581,0.036445,-0.078991
0.004130,-0.636942,-0.055859,0.134675,0.033524,-0.072416
-0.002492,-0.625049,-0.053027,0.150350,0.026881,-0.062386
-0.005706,-0.608280,-0.050775,0.159315,0.017608,-0.052026
-0.005427,-0.585792,-0.048429,0.159458,0.006436,-0.036999
-0.004375,-0.560174,-0.043670,0.149854,-0.007230,-0.005474
-0.004075,-0.544431,-0.036035,0.135529,-0.022870,0.039971
-0.003500,-0.544687,-0.028098,0.126285,-0.036274,0.077648
-0.004399,-0.553749,-0.020805,0.127918,-0.045273,0.088994
-0.006743,-0.565358,-0.013934,0.139381,-0.052054,0.070563
-0.006251,-0.574781,-0.008279,0.157042,-0.055962,0.032090
-0.004595,-0.576833,-0.003011,0.177195,-0.054831,-0.007457
-0.007646,-0.570959,0.003300,0.196299,-0.052546,-0.029168
-0.015331,-0.561632,0.009579,0.211902,-0.054489,-0.027545
-,-,-,-,-,-
-0.000411,-0.009193,0.000168,0.004319,-0.001287,-0.000564
-0.002075,-0.052818,0.001303,0.024857,-0.007204,-0.003304
-0.005109,-0.145875,0.004932,0.068805,-0.019581,-0.008614
-0.009037,-0.269212,0.012088,0.127579,-0.036580,-0.013788
-0.013135,-0.387507,0.021669,0.185317,-0.055282,-0.016284
-0.015196,-0.474258,0.031000,0.229894,-0.072415,-0.016435
-0.013532,-0.519149,0.038132,0.255733,-0.083845,-0.015304
-0.010222,-0.526112,0.042671,0.263024,-0.087399,-0.012279
-0.008124,-0.508830,0.045207,0.255729,-0.085493,-0.005943
-0.006358,-0.484313,0.046582,0.239822,-0.082186,0.003404
-0.003139,-0.464396,0.047432,0.221451,-0.078923,0.013303
0.000022,-0.452139,0.048493,0.205020,-0.075631,0.020153
0.001270,-0.445452,0.050405,0.192544,-0.073065,0.020478
0.002028,-0.441375,0.052852,0.184204,-0.071717,0.014092
0.004336,-0.437518,0.054846,0.178884,-0.070785,0.005323
0.007987,-0.431222,0.055969,0.174322,-0.069236,-0.000903
0.012398,-0.419179,0.056455,0.167524,-0.066263,-0.002414
0.016806,-0.399765,0.056495,0.155826,-0.060929,0.000837
0.018560,-0.375246,0.056328,0.137982,-0.053569,0.007771
0.016528,-0.352283,0.056304,0.114546,-0.046829,0.016060
0.014091,-0.339234,0.057043,0.087681,-0.042855,0.023192
0.014794,-0.340076,0.059670,0.060572,-0.040761,0.027770
0.018002,-0.352137,0.064761,0.036318,-0.038512,0.029113
0.020946,-0.369641,0.071178,0.016914,-0.035479,0.027163
0.022378,-0.386953,0.076824,0.002895,-0.032385,0.022740
0.023321,-0.400583,0.080321,-0.006085,-0.030138,0.017226
0.025462,-0.410311,0.081754,-0.010793,-0.029013,0.011875
0.029200,-0.416143,0.082283,-0.012911,-0.028304,0.006976
0.033403,-0.416768,0.083101,-0.014852,-0.026728,0.002296
0.036777,-0.413042,0.084898,-0.018531,-0.023494,-0.002283
0.038910,-0.408631,0.087919,-0.024637,-0.018750,-0.007021
0.039924,-0.406928,0.091817,-0.032750,-0.012927,-0.012086
0.039615,-0.409228,0.095563,-0.041998,-0.006327,-0.017015
0.037706,-0.415276,0.097971,-0.051645,0.000559,-0.020813
0.034427,-0.424630,0.098367,-0.061192,0.007177,-0.022312
-,-,-,-,-,-
0.000166,-0.009202,0.001094,-0.000401,0.000009,-0.000172
0.000954,-0.053065,0.006401,-0.002303,-0.000048,-0.000964
0.002916,-0.147032,0.017917,-0.006382,-0.000422,-0.002618
0.006247,-0.272112,0.033337,-0.011847,-0.001087,-0.004859
0.010295,-0.393187,0.048210,-0.017177,-0.001504,-0.007279
0.013902,-0.484715,0.059263,-0.021224,-0.001439,-0.009647
0.016350,-0.537733,0.065342,-0.023478,-0.001227,-0.011896
0.017598,-0.556753,0.066986,-0.023948,-0.001152,-0.013897
0.018033,-0.553361,0.065782,-0.023009,-0.001379,-0.015335
0.018398,-0.540003,0.063524,-0.021201,-0.002047,-0.015986
0.019491,-0.525595,0.061334,-0.019116,-0.002789,-0.015814
0.021236,-0.514106,0.059674,-0.017360,-0.002850,-0.014839
0.022606,-0.506370,0.058817,-0.016357,-0.002064,-0.013279
0.022796,-0.502286,0.058936,-0.016261,-0.001158,-0.011417
0.021778,-0.501325,0.060161,-0.016911,-0.001140,-0.009538
0.020992,-0.502499,0.062057,-0.017794,-0.002170,-0.008296
0.022018,-0.504515,0.063241,-0.018547,-0.002691,-0.007637
0.022506,-0.506566,0.063113,-0.019219,-0.001627,-0.006696
0.019488,-0.508695,0.062400,-0.019646,-0.000918,-0.005688
0.015249,-0.510724,0.061535,-0.019444,-0.002521,-0.005216
0.013050,-0.511985,0.060839,-0.018535,-0.005589,-0.004985
0.013232,-0.511919,0.060891,-0.017226,-0.008655,-0.004817
0.015594,-0.510422,0.061625,-0.016173,-0.010567,-0.004652
0.019219,-0.508275,0.062568,-0.016024,-0.010057,-0.003945
0.021896,-0.506770,0.063376,-0.016765,-0.007209,-0.002681
0.022601,-0.506485,0.063735,-0.017740,-0.003625,-0.001659
0.022010,-0.507006,0.063722,-0.018311,-0.000790,-0.001411
0.020886,-0.507753,0.063707,-0.018234,0.000503,-0.001944
0.019821,-0.508725,0.063691,-0.017625,0.000107,-0.003043
0.019333,-0.510377,0.063592,-0.016719,-0.001330,-0.004308
0.019361,-0.512866,0.063556,-0.015592,-0.002862,-0.005432
0.019367,-0.515548,0.063637,-0.014155,-0.003946,-0.006475
0.018913,-0.517045,0.063887,-0.012469,-0.004561,-0.007655
0.018098,-0.515999,0.064314,-0.010952,-0.004837,-0.008814
0.017239,-0.512228,0.064693,-0.010205,-0.004677,-0.009217
0.016210,-0.507266,0.065154,-0.010635,-0.004212,-0.008342
0.015224,-0.503561,0.066193,-0.012105,-0.003992,-0.006524
0.015011,-0.502947,0.067911,-0.013913,-0.003989,-0.004363
0.015134,-0.505539,0.070107,-0.015160,-0.003649,-0.002317
0.014607,-0.509526,0.072616,-0.015269,-0.003100,-0.000987
0.014140,-0.512368,0.075001,-0.014406,-0.002874,-0.000707
0.015428,-0.512782,0.076602,-0.013309,-0.002765,-0.001140
0.018838,-0.511327,0.077150,-0.012660,-0.001998,-0.001858
0.022885,-0.508980,0.076892,-0.012808,-0.000153,-0.002789
0.025253,-0.505781,0.075889,-0.013941,0.002494,-0.003964
0.024197,-0.501392,0.073943,-0.016276,0.005078,-0.005234
0.020019,-0.496746,0.071540,-0.019797,0.006344,-0.006575
0.015383,-0.493961,0.069583,-0.023901,0.005724,-0.007930
0.012945,-0.494448,0.068666,-0.027705,0.004195,-0.008618
0.013277,-0.498127,0.069281,-0.030406,0.002968,-0.008167
0.015819,-0.503733,0.071327,-0.031419,0.002506,-0.006971
0.019276,-0.509151,0.073596,-0.030698,0.003183,-0.005450
0.021423,-0.512603,0.074704,-0.028819,0.004873,-0.003911
0.021341,-0.513332,0.074089,-0.026664,0.006480,-0.003002
0.020883,-0.511221,0.072076,-0.025150,0.007396,-0.003212
0.022603,-0.507434,0.069744,-0.024939,0.008468,-0.004445
0.027338,-0.504237,0.068241,-0.026019,0.010978,-0.006489
0.033777,-0.502850,0.067414,-0.027882,0.015571,-0.009100
0.039845,-0.503236,0.066579,-0.030064,0.021804,-0.012354
0.045361,-0.505325,0.065517,-0.032303,0.028822,-0.018245
0.050980,-0.509026,0.064284,-0.034597,0.036628,-0.029331
0.054528,-0.513261,0.064355,-0.036887,0.044418,-0.044763
0.054136,-0.515757,0.066811,-0.038721,0.049518,-0.061137
0.051945,-0.515301,0.069688,-0.040079,0.050509,-0.075839
0.050717,-0.512931,0.069806,-0.041901,0.048541,-0.087472
0.051787,-0.510369,0.065946,-0.044887,0.045574,-0.095389
0.056504,-0.508333,0.060646,-0.048713,0.042847,-0.099962
0.067303,-0.504772,0.057231,-0.052782,0.040387,-0.102201
0.084985,-0.497595,0.055357,-0.056889,0.039097,-0.101340
0.103650,-0.490234,0.053273,-0.061229,0.041245,-0.095274
0.115264,-0.487586,0.050886,-0.065956,0.046557,-0.084871
0.118506,-0.488491,0.048173,-0.071289,0.052383,-0.073596
0.117193,-0.488414,0.044411,-0.078153,0.057942,-0.062082
0.115417,-0.485319,0.039346,-0.087325,0.064166,-0.047167
0.116134,-0.479892,0.033852,-0.098290,0.071909,-0.027162
0.119818,-0.473578,0.028825,-0.109974,0.082384,-0.004551
0.124405,-0.468259,0.024747,-0.121472,0.096611,0.016530
0.127643,-0.466451,0.023296,-0.131362,0.114216,0.032531
0.128637,-0.469408,0.025643,-0.137711,0.134650,0.042099
0.122975,-0.476256,0.030235,-0.139499,0.155111,0.045774
0.105304,-0.486303,0.035537,-0.136989,0.166004,0.041773
0.084726,-0.498036,0.040577,-0.131117,0.161081,0.028965
0.074767,-0.508672,0.043913,-0.123322,0.148619,0.013264
0.072847,-0.517506,0.045221,-0.114821,0.139161,0.001462
0.070863,-0.524239,0.044618,-0.106326,0.134567,-0.004532
0.064953,-0.527059,0.042573,-0.098554,0.132916,-0.004022
0.053081,-0.524945,0.041237,-0.091872,0.129965,0.002789
0.039759,-0.518460,0.042549,-0.086359,0.120719,0.012810
0.033724,-0.509501,0.045206,-0.081689,0.105788,0.024308
0.037380,-0.501756,0.044837,-0.076709,0.090564,0.039424
0.044855,-0.499866,0.040117,-0.070942,0.080698,0.056744
0.048322,-0.506343,0.035593,-0.064856,0.080286,0.068375
0.041355,-0.519870,0.035402,-0.057620,0.089410,0.068332
0.021217,-0.536353,0.039105,-0.047208,0.103207,0.057464
-0.007542,-0.550572,0.043499,-0.033010,0.115650,0.041531
-0.037745,-0.558557,0.045595,-0.016767,0.123006,0.027561
-0.065045,-0.559128,0.044463,-0.001051,0.123362,0.019693
-0.085829,-0.553734,0.041090,0.012284,0.116328,0.018065
-0.097425,-0.545625,0.036734,0.022489,0.103995,0.021098
-0.101199,-0.538051,0.032008,0.029835,0.089788,0.027102
-0.101164,-0.532651,0.027431,0.035285,0.076162,0.034180
-0.100304,-0.528888,0.023641,0.039695,0.063911,0.040320
-0.099561,-0.524693,0.021032,0.042994,0.053169,0.044619
-0.099000,-0.519007,0.019920,0.044312,0.044006,0.047562
-0.098703,-0.513783,0.020892,0.043170,0.035846,0.049481
-0.098704,-0.512283,0.024268,0.040423,0.027433,0.049864
-0.098274,-0.515393,0.029288,0.037872,0.017623,0.047985
-0.095391,-0.520285,0.034573,0.036867,0.006442,0.043843
-0.088186,-0.522997,0.039421,0.037384,-0.004297,0.038627
-0.076900,-0.521695,0.043836,0.038469,-0.012187,0.033581
-0.063792,-0.516829,0.047569,0.039151,-0.015854,0.028807
-0.051685,-0.509331,0.050336,0.038784,-0.015452,0.023582
-0.042287,-0.499829,0.052503,0.036976,-0.012357,0.017276
-0.035689,-0.489046,0.054556,0.033605,-0.008158,0.009819
-0.031422,-0.477797,0.056566,0.028817,-0.003920,0.001669
-0.029028,-0.466808,0.058388,0.022695,-0.000158,-0.006287
-0.028112,-0.457488,0.059764,0.015384,0.003176,-0.013253
-0.028842,-0.452122,0.060505,0.007689,0.006055,-0.019285
-0.031024,-0.452250,0.060872,0.001153,0.007863,-0.024686
-0.032929,-0.457188,0.061150,-0.002615,0.007991,-0.029037
-0.032988,-0.463582,0.061592,-0.002987,0.005938,-0.031895
-0.030563,-0.466175,0.062899,-0.000734,0.001326,-0.033889
-0.025215,-0.460124,0.065646,0.002385,-0.005201,-0.035962
-0.017457,-0.443153,0.070371,0.003945,-0.011538,-0.039082
-0.007769,-0.417467,0.076953,0.001975,-0.014547,-0.045349
0.003503,-0.389932,0.083228,-0.003767,-0.011378,-0.055575
0.014024,-0.368378,0.086707,-0.012336,-0.001574,-0.067518
0.021433,-0.358005,0.086738,-0.022715,0.012169,-0.078408
-,-,-,-,-,-
0.000731,-0.007969,0.001496,-0.001086,0.000620,-0.001439
0.003488,-0.045628,0.008419,-0.006543,0.003441,-0.008016
0.007542,-0.125174,0.021556,-0.018589,0.008410,-0.021646
0.011111,-0.228829,0.035118,-0.035079,0.012236,-0.038994
0.014543,-0.325310,0.044089,-0.052964,0.011984,-0.053937
0.018602,-0.392637,0.048113,-0.071875,0.007245,-0.062055
0.023359,-0.425859,0.048118,-0.092999,-0.001969,-0.061554
0.029867,-0.433060,0.046094,-0.116814,-0.014925,-0.052975
0.038422,-0.427265,0.044655,-0.141688,-0.028183,-0.040768
0.046061,-0.421324,0.044478,-0.164557,-0.038452,-0.029397
0.049579,-0.425057,0.044340,-0.182473,-0.045300,-0.018576
0.048194,-0.443062,0.042807,-0.193562,-0.049332,-0.006032
0.042110,-0.472871,0.038897,-0.197995,-0.051680,0.009511
0.032547,-0.504897,0.031602,-0.198430,-0.053979,0.027821
0.020748,-0.526092,0.020526,-0.199552,-0.057115,0.046513
0.007812,-0.527763,0.006805,-0.206379,-0.061771,0.062274
-0.002541,-0.512101,-0.007137,-0.221818,-0.068465,0.073559
-0.005719,-0.490786,-0.018093,-0.245416,-0.076245,0.081063
-0.000201,-0.477794,-0.023208,-0.273671,-0.082769,0.086435
0.011092,-0.483269,-0.021064,-0.300917,-0.085720,0.091109
0.021701,-0.510063,-0.012657,-0.320626,-0.084915,0.095189
0.026127,-0.551429,-0.002022,-0.327543,-0.082887,0.097265
0.024190,-0.592665,0.005547,-0.320155,-0.082471,0.095659
0.020278,-0.619441,0.006616,-0.301662,-0.084228,0.090487
0.019002,-0.626779,0.001446,-0.277937,-0.086035,0.084155
0.021593,-0.618451,-0.007422,-0.254661,-0.084725,0.078911
0.026406,-0.600578,-0.017823,-0.236458,-0.078284,0.075208
0.031272,-0.579604,-0.027722,-0.226327,-0.066535,0.073112
0.033574,-0.561621,-0.034820,-0.224071,-0.051094,0.073538
0.030465,-0.549888,-0.038517,-0.226426,-0.035661,0.077743
0.021578,-0.544506,-0.040950,-0.229788,-0.024248,0.086145
0.009361,-0.544208,-0.044788,-0.232604,-0.018489,0.097471
-0.002674,-0.547386,-0.050111,-0.234948,-0.018099,0.108919
-0.010024,-0.552442,-0.055016,-0.236247,-0.021261,0.116859
-0.010336,-0.558745,-0.058728,-0.234298,-0.023763,0.117934
-0.006975,-0.565831,-0.062217,-0.226933,-0.022160,0.110683
-0.005047,-0.570188,-0.066588,-0.214275,-0.017303,0.096752
-0.006100,-0.567199,-0.071870,-0.198840,-0.011988,0.080040
-0.009229,-0.558033,-0.077235,-0.183760,-0.007294,0.063332
-0.014410,-0.550301,-0.082429,-0.170852,-0.002823,0.046951
-0.022957,-0.551386,-0.088230,-0.159384,0.000691,0.031802
-0.035126,-0.561739,-0.094966,-0.147284,0.000448,0.020073
-0.047282,-0.574441,-0.101802,-0.133566,-0.005736,0.012993
-0.053290,-0.582105,-0.107476,-0.118934,-0.016334,0.010584
-0.049673,-0.583185,-0.110473,-0.104617,-0.026893,0.011530
-0.037934,-0.581359,-0.109423,-0.090752,-0.033338,0.012813
-0.022871,-0.580186,-0.104477,-0.076116,-0.033875,0.011009
-0.010204,-0.579407,-0.097716,-0.059603,-0.029203,0.004203
-0.004072,-0.575780,-0.091937,-0.041777,-0.021878,-0.006665
-0.005021,-0.566619,-0.088973,-0.025022,-0.014780,-0.018080
-0.010374,-0.553033,-0.088697,-0.012171,-0.009585,-0.026019
-0.016588,-0.539729,-0.089519,-0.004724,-0.006405,-0.028279
-0.021403,-0.531608,-0.089625,-0.001936,-0.004657,-0.025452
-0.024092,-0.530425,-0.087964,-0.001343,-0.004039,-0.020159
-0.024634,-0.533587,-0.084819,-0.000312,-0.004336,-0.015391
-0.023903,-0.536521,-0.081517,0.002574,-0.004789,-0.012974
-0.024029,-0.536702,-0.079142,0.007376,-0.004944,-0.013255
-0.026775,-0.534298,-0.077720,0.013455,-0.005680,-0.015910
-0.031712,-0.529768,-0.076803,0.019870,-0.008104,-0.020220
-0.037170,-0.522832,-0.076231,0.025385,-0.012039,-0.024589
-0.042304,-0.513222,-0.076128,0.028458,-0.016474,-0.026744
-0.046589,-0.501844,-0.076162,0.027686,-0.020827,-0.025050
-0.048205,-0.491631,-0.075315,0.022792,-0.024529,-0.019691
-0.046182,-0.486734,-0.072861,0.015242,-0.026493,-0.012362
-0.042646,-0.489465,-0.069108,0.007676,-0.026687,-0.005348
-0.040511,-0.497439,-0.065014,0.002444,-0.026460,-0.001155
-0.041458,-0.505501,-0.061319,0.000469,-0.027269,-0.001506
-0.045328,-0.510619,-0.058384,0.001223,-0.030156,-0.005983
-0.050332,-0.512926,-0.056424,0.003522,-0.035011,-0.012626
-0.055482,-0.513193,-0.055476,0.006458,-0.041030,-0.019545
-0.060712,-0.511305,-0.055221,0.009501,-0.048314,-0.025137
-0.064377,-0.506641,-0.054867,0.011864,-0.057154,-0.028349
-0.063586,-0.499384,-0.054075,0.012720,-0.065938,-0.029380
-0.058322,-0.490846,-0.053345,0.011961,-0.071635,-0.028097
-0.053198,-0.482188,-0.052714,0.009742,-0.073307,-0.023558
-0.052253,-0.474454,-0.051803,0.006027,-0.073035,-0.016838
-0.055334,-0.469666,-0.050357,0.000959,-0.073191,-0.010610
-0.060805,-0.469834,-0.048506,-0.004864,-0.075172,-0.006433
-0.067612,-0.475127,-0.047450,-0.010223,-0.079753,-0.004818
-0.074283,-0.483874,-0.047759,-0.013664,-0.087601,-0.005303
-0.078476,-0.494112,-0.048153,-0.014067,-0.098680,-0.005979
-0.079889,-0.503952,-0.047777,-0.011052,-0.111333,-0.005165
-0.080757,-0.509651,-0.047544,-0.005534,-0.124571,-0.003214
-0.079625,-0.505953,-0.048677,0.000083,-0.139308,-0.001729
-0.070695,-0.490123,-0.051355,0.002526,-0.153797,-0.001534
-0.054041,-0.464957,-0.054689,-0.000946,-0.162510,-0.002184
-0.038171,-0.438038,-0.057298,-0.011081,-0.163073,-0.003705
-0.029653,-0.417007,-0.058451,-0.026366,-0.158220,-0.007134
-0.029127,-0.405280,-0.058465,-0.043812,-0.151184,-0.012484
-0.034901,-0.403650,-0.057979,-0.060021,-0.145386,-0.019150
-0.043068,-0.413712,-0.057728,-0.072472,-0.143996,-0.028122
-0.049420,-0.437190,-0.058358,-0.079653,-0.146726,-0.041049
-0.052735,-0.471997,-0.059704,-0.080120,-0.151839,-0.058005
-0.051697,-0.510219,-0.061007,-0.072876,-0.158618,-0.076975
-0.043864,-0.540988,-0.062323,-0.058749,-0.164929,-0.094562
-0.030829,-0.555054,-0.064433,-0.040971,-0.167737,-0.107717
-0.016806,-0.548450,-0.067621,-0.024203,-0.166395,-0.116172
-0.002994,-0.523600,-0.071820,-0.012834,-0.161009,-0.122580
0.010754,-0.487795,-0.076642,-0.009838,-0.150245,-0.130726
0.023727,-0.450355,-0.081259,-0.016043,-0.133037,-0.144723
0.035461,-0.419802,-0.084994,-0.029916,-0.109618,-0.166733
0.044554,-0.404757,-0.087281,-0.047867,-0.081566,-0.194521
0.048037,-0.413792,-0.087716,-0.064197,-0.052562,-0.223362
0.042703,-0.447867,-0.086321,-0.072023,-0.029087,-0.248792
0.027969,-0.495733,-0.083554,-0.066660,-0.019889,-0.267667
0.010289,-0.540186,-0.081124,-0.048662,-0.030601,-0.278447
-0.000061,-0.567261,-0.081941,-0.023666,-0.057341,-0.280320
0.001049,-0.571268,-0.087546,0.000425,-0.089333,-0.273094
0.010826,-0.554519,-0.095906,0.016704,-0.117869,-0.258421
0.028128,-0.524218,-0.102857,0.021182,-0.139097,-0.239585
0.054357,-0.489932,-0.105987,0.013377,-0.149037,-0.219263
0.085452,-0.461836,-0.105179,-0.004175,-0.143650,-0.198558
0.112566,-0.448357,-0.100294,-0.026759,-0.124938,-0.179062
0.130930,-0.454317,-0.092027,-0.048047,-0.099698,-0.163170
0.140925,-0.480744,-0.082428,-0.061453,-0.073649,-0.151358
0.143319,-0.523113,-0.073202,-0.062210,-0.050230,-0.142115
0.139138,-0.569299,-0.066055,-0.049217,-0.031590,-0.133704
0.131446,-0.602766,-0.063563,-0.026075,-0.017956,-0.123940
0.122439,-0.610906,-0.067483,-0.000304,-0.007459,-0.109944
0.111858,-0.592382,-0.075849,0.019742,0.000422,-0.090228
0.102011,-0.555989,-0.084631,0.028667,0.004255,-0.066599
0.097188,-0.513656,-0.091726,0.025366,0.005211,-0.042469
0.096567,-0.476650,-0.096158,0.012173,0.005942,-0.021177
0.096793,-0.453845,-0.096522,-0.006052,0.005910,-0.006306
0.098724,-0.449004,-0.092353,-0.023538,0.003973,0.000106
0.103952,-0.460542,-0.084432,-0.035647,0.002367,-0.000680
0.110177,-0.482955,-0.073536,-0.039833,0.003669,-0.006119
0.115716,-0.508147,-0.061405,-0.035867,0.008242,-0.013881
-,-,-,-,-,-
0.001547,-0.009005,-0.000793,0.000173,0.001673,-0.000258
0.008186,-0.052423,-0.005203,0.001029,0.009695,-0.001388
0.019999,-0.145756,-0.016212,0.002908,0.026322,-0.003936
0.031520,-0.268812,-0.033225,0.005240,0.046129,-0.008361
0.038708,-0.385244,-0.052485,0.006598,0.061114,-0.014778
0.042277,-0.470701,-0.069807,0.005588,0.067749,-0.022044
0.044389,-0.518825,-0.081664,0.001854,0.066743,-0.027520
0.047032,-0.536127,-0.086312,-0.003738,0.060179,-0.028010
0.052139,-0.535565,-0.084350,-0.009846,0.051390,-0.022095
0.060338,-0.530814,-0.077837,-0.014967,0.044921,-0.011749
0.069378,-0.531067,-0.069634,-0.017091,0.043954,-0.000768
0.075081,-0.539607,-0.062696,-0.014222,0.048158,0.007525
0.075172,-0.554929,-0.058755,-0.005348,0.054535,0.011239
0.070900,-0.572262,-0.058062,0.009247,0.060234,0.010438
0.064276,-0.586138,-0.060491,0.027843,0.064162,0.007017
0.055640,-0.592206,-0.065463,0.047445,0.065639,0.003338
0.045891,-0.589519,-0.071031,0.065002,0.062945,0.000509
0.039632,-0.580807,-0.074778,0.078577,0.055270,-0.000941
0.041170,-0.569888,-0.075292,0.087615,0.045601,-0.000038
0.048645,-0.561124,-0.072362,0.092976,0.038691,0.002585
0.057208,-0.558312,-0.066667,0.096380,0.036236,0.004721
0.065266,-0.562189,-0.059698,0.099512,0.037075,0.005127
0.073513,-0.569453,-0.053471,0.103504,0.040752,0.003615
0.080609,-0.575539,-0.049184,0.108610,0.047549,0.000628
0.083641,-0.579347,-0.046203,0.114655,0.056275,-0.002501
0.081536,-0.582132,-0.043126,0.121746,0.064226,-0.002693
0.074850,-0.583514,-0.039348,0.130001,0.068678,0.004106
0.063848,-0.581712,-0.035664,0.138881,0.067505,0.018240
0.049711,-0.575626,-0.033377,0.146903,0.059621,0.035362
0.036062,-0.565500,-0.032440,0.152219,0.045363,0.050472
0.027560,-0.552282,-0.031417,0.153622,0.026427,0.060751
0.026846,-0.538252,-0.029043,0.150879,0.005767,0.067089
0.033205,-0.528389,-0.024480,0.144886,-0.013466,0.072551
0.044245,-0.528108,-0.017396,0.138306,-0.028412,0.078004
0.056773,-0.538357,-0.008882,0.134959,-0.036139,0.080577
0.066635,-0.553485,-0.000903,0.137343,-0.035067,0.076653
0.069735,-0.564999,0.005154,0.144969,-0.026866,0.065739
0.063998,-0.567605,0.008600,0.155138,-0.016725,0.051059
0.052136,-0.561003,0.009168,0.164757,-0.010456,0.036991
0.040801,-0.547708,0.007790,0.171744,-0.009593,0.026730
0.034627,-0.530789,0.006289,0.175388,-0.010749,0.022312
0.032636,-0.512736,0.006113,0.175734,-0.010870,0.025005
0.031926,-0.495882,0.008008,0.172964,-0.010679,0.033621
0.032528,-0.482765,0.011890,0.167474,-0.011809,0.044268
0.035856,-0.474523,0.017215,0.160184,-0.013671,0.053248
0.040556,-0.469658,0.023006,0.152259,-0.014456,0.059281
0.042441,-0.465289,0.027901,0.144051,-0.014327,0.063385
0.039465,-0.459939,0.031508,0.134836,-0.016278,0.067199
0.035611,-0.454947,0.034794,0.124068,-0.021984,0.071379
0.036791,-0.453105,0.038805,0.112306,-0.028162,0.075664
-,-,-,-,-,-
0.000234,-0.009226,0.001390,-0.000375,-0.000012,-0.000154
0.001349,-0.053170,0.008060,-0.002118,-0.000047,-0.000904
0.003803,-0.147256,0.022373,-0.005734,-0.000059,-0.002575
0.007272,-0.272310,0.041297,-0.010407,0.000079,-0.004956
0.010946,-0.392735,0.059355,-0.014915,0.000500,-0.007477
0.014026,-0.482771,0.072823,-0.018513,0.001264,-0.009496
0.015911,-0.534104,0.080610,-0.020903,0.002241,-0.010549
0.016367,-0.551966,0.083359,-0.022030,0.003088,-0.010634
0.015848,-0.547536,0.082367,-0.022134,0.003547,-0.010186
0.015230,-0.532318,0.079226,-0.021815,0.003791,-0.009604
0.014782,-0.515760,0.075715,-0.021739,0.004114,-0.008881
0.013963,-0.504235,0.073112,-0.022144,0.004417,-0.007976
0.012722,-0.500254,0.071735,-0.022689,0.004440,-0.007220
0.011760,-0.502696,0.071267,-0.022756,0.004319,-0.006916
0.011132,-0.508256,0.071153,-0.021956,0.004429,-0.007068
0.010227,-0.513226,0.070861,-0.020433,0.004657,-0.007539
0.009021,-0.515140,0.070200,-0.018763,0.004568,-0.007946
0.007977,-0.513849,0.069218,-0.017590,0.004176,-0.007886
0.007279,-0.510966,0.067925,-0.017243,0.003811,-0.007409
0.006974,-0.508217,0.066446,-0.017604,0.003456,-0.006843
0.007297,-0.506480,0.065145,-0.018287,0.002915,-0.006363
0.008245,-0.505819,0.064372,-0.018882,0.002280,-0.006043
0.009289,-0.505771,0.064210,-0.019150,0.001673,-0.005956
0.009902,-0.505627,0.064527,-0.019137,0.000958,-0.006023
0.010182,-0.504922,0.065134,-0.019135,0.000063,-0.006008
0.010620,-0.503813,0.065761,-0.019421,-0.000699,-0.005661
0.011356,-0.502835,0.066174,-0.020030,-0.001044,-0.005017
0.012372,-0.502333,0.066305,-0.020774,-0.001063,-0.004528
0.013852,-0.502342,0.066193,-0.021432,-0.000693,-0.004623
0.015375,-0.502900,0.066075,-0.021878,0.000298,-0.005425
0.015980,-0.504123,0.066244,-0.022028,0.001665,-0.006825
0.015339,-0.505789,0.066608,-0.021868,0.002888,-0.008446
0.013830,-0.507084,0.066821,-0.021582,0.003608,-0.009711
0.012141,-0.507385,0.066663,-0.021436,0.003661,-0.010122
0.010951,-0.506998,0.066050,-0.021556,0.003194,-0.009494
0.010433,-0.506667,0.065127,-0.021844,0.002474,-0.008116
0.010627,-0.506682,0.064329,-0.022115,0.001617,-0.006608
0.011759,-0.506703,0.064061,-0.022323,0.000857,-0.005386
0.013545,-0.506493,0.064422,-0.022547,0.000550,-0.004519
0.015119,-0.506407,0.065198,-0.022821,0.000754,-0.003975
0.015658,-0.507079,0.066002,-0.023122,0.001224,-0.003632
0.014824,-0.508779,0.066548,-0.023330,0.001607,-0.003391
0.013123,-0.510961,0.066831,-0.023239,0.001664,-0.003371
0.011553,-0.512594,0.066984,-0.022843,0.001557,-0.003750
0.010589,-0.512932,0.067104,-0.022520,0.001580,-0.004598
0.009986,-0.511790,0.067146,-0.022738,0.001704,-0.005884
0.009409,-0.509690,0.066889,-0.023652,0.001593,-0.007220
0.008810,-0.507762,0.066241,-0.024996,0.000802,-0.007743
0.008572,-0.507139,0.065377,-0.026206,-0.000728,-0.006775
0.009230,-0.508230,0.064624,-0.026745,-0.002441,-0.004546
0.010734,-0.510503,0.064425,-0.026313,-0.003624,-0.002041
0.012427,-0.512973,0.064943,-0.024829,-0.003940,-0.000221
0.013693,-0.514625,0.065877,-0.022511,-0.003507,0.000508
0.014248,-0.514636,0.066920,-0.019882,-0.002618,0.000151
0.013960,-0.512679,0.067895,-0.017527,-0.001598,-0.001047
0.012764,-0.509178,0.068606,-0.015964,-0.000798,-0.002527
0.011140,-0.505204,0.069094,-0.015576,-0.000626,-0.003763
0.010155,-0.501962,0.069708,-0.016374,-0.001180,-0.004541
0.010304,-0.500457,0.070644,-0.017842,-0.001933,-0.004762
0.010907,-0.500934,0.071662,-0.019190,-0.002379,-0.004524
0.011248,-0.502427,0.072387,-0.019900,-0.002636,-0.004153
0.011419,-0.503659,0.072469,-0.020086,-0.002904,-0.003596
0.011324,-0.504358,0.071731,-0.020159,-0.002999,-0.002532
0.010914,-0.505064,0.070875,-0.020115,-0.003121,-0.001369
0.011779,-0.505234,0.070854,-0.019715,-0.003501,-0.000888
0.014568,-0.503352,0.071473,-0.019245,-0.002976,-0.001041
0.016179,-0.500115,0.071850,-0.019364,-0.000690,-0.001381
0.014066,-0.498579,0.071646,-0.020266,0.001848,-0.002020
0.010154,-0.500317,0.071141,-0.021455,0.002992,-0.003191
0.007041,-0.504117,0.070475,-0.022348,0.003131,-0.004409
0.004500,-0.508295,0.069722,-0.022635,0.002892,-0.005095
0.002425,-0.511748,0.069236,-0.022129,0.001807,-0.005458
0.002428,-0.513208,0.069264,-0.020931,0.000046,-0.005804
0.004685,-0.511883,0.069891,-0.019625,-0.001297,-0.006020
0.007482,-0.508580,0.071043,-0.018835,-0.001830,-0.006116
0.009725,-0.504875,0.072410,-0.018721,-0.001851,-0.006301
0.011459,-0.501822,0.073679,-0.019104,-0.001557,-0.006693
0.012940,-0.499828,0.074565,-0.019833,-0.000910,-0.007171
0.013912,-0.499053,0.074988,-0.020838,0.000140,-0.007495
0.014071,-0.499516,0.075119,-0.021926,0.001379,-0.007661
0.013596,-0.500871,0.075012,-0.022838,0.002613,-0.007745
0.012454,-0.502577,0.074600,-0.023468,0.003660,-0.007725
0.010759,-0.504335,0.073824,-0.023871,0.004041,-0.007673
0.009351,-0.506208,0.072642,-0.024106,0.003640,-0.007658
0.008772,-0.508296,0.071327,-0.024102,0.002944,-0.007766
0.008928,-0.510286,0.070299,-0.023743,0.002407,-0.008173
0.009512,-0.511596,0.069613,-0.023071,0.002281,-0.008865
0.010006,-0.511758,0.069145,-0.022346,0.002649,-0.009493
0.009894,-0.510741,0.068812,-0.021933,0.003324,-0.009574
0.009226,-0.509336,0.068537,-0.022032,0.003800,-0.008974
0.008848,-0.508678,0.068228,-0.022460,0.003720,-0.008032
0.009306,-0.509133,0.067637,-0.022786,0.003408,-0.007154
0.010022,-0.510112,0.066696,-0.022643,0.003251,-0.006685
0.010343,-0.510812,0.065841,-0.021968,0.003148,-0.006857
0.010275,-0.510891,0.065537,-0.020994,0.003008,-0.007425
0.010002,-0.510645,0.065802,-0.020028,0.002950,-0.007696
0.009793,-0.510746,0.066393,-0.019225,0.003054,-0.006980
0.010095,-0.511548,0.067289,-0.018515,0.003271,-0.005098
0.011144,-0.512542,0.068570,-0.017707,0.003477,-0.002688
0.012715,-0.512938,0.069986,-0.016703,0.003691,-0.000727
0.014091,-0.512691,0.071175,-0.015550,0.004000,0.000180
0.014482,-0.512411,0.071865,-0.014325,0.004168,0.000066
0.013612,-0.512230,0.071861,-0.013126,0.003853,-0.000436
0.011530,-0.511588,0.071247,-0.012116,0.002905,-0.000883
0.008893,-0.510365,0.070265,-0.011422,0.001098,-0.001504
0.007324,-0.508977,0.068927,-0.011141,-0.001315,-0.002303
0.007716,-0.507815,0.067227,-0.011394,-0.003279,-0.002789
0.009297,-0.507226,0.065648,-0.012232,-0.004151,-0.002860
0.011192,-0.507327,0.064954,-0.013533,-0.004164,-0.002754
0.013073,-0.508012,0.065497,-0.015015,-0.003685,-0.002462
0.014417,-0.509077,0.066949,-0.016315,-0.002940,-0.001873
0.014578,-0.510159,0.068528,-0.017123,-0.002228,-0.001108
0.013525,-0.510719,0.069363,-0.017375,-0.001846,-0.000379
0.011844,-0.510347,0.069137,-0.017319,-0.001837,0.000255
0.010158,-0.509375,0.068231,-0.017290,-0.002094,0.000792
0.008822,-0.508740,0.067083,-0.017405,-0.002476,0.001162
0.007799,-0.509144,0.065985,-0.017477,-0.002933,0.001311
0.006981,-0.510491,0.065158,-0.017180,-0.003583,0.001333
0.006446,-0.511951,0.064690,-0.016360,-0.004291,0.001580
0.005933,-0.512694,0.064818,-0.015133,-0.004751,0.002419
0.005300,-0.512444,0.065910,-0.013717,-0.005104,0.003879
0.005135,-0.511379,0.068011,-0.012290,-0.005581,0.005830
0.005343,-0.509848,0.070617,-0.010943,-0.006013,0.008154
0.004875,-0.508196,0.073229,-0.009604,-0.006532,0.010288
0.003990,-0.505660,0.076024,-0.008167,-0.007799,0.011116
0.004410,-0.499994,0.078894,-0.007146,-0.009580,0.010220
0.006366,-0.491368,0.080898,-0.007670,-0.010509,0.008345
0.008295,-0.484032,0.081612,-0.010215,-0.010225,0.005894
-,-,-,-,-,-
0.000440,-0.008864,0.001385,-0.000441,0.000162,-0.000111
0.001874,-0.051326,0.008039,-0.002548,0.000829,-0.000690
0.003337,-0.143053,0.022479,-0.007032,0.001790,-0.002172
0.003293,-0.266398,0.042021,-0.012841,0.002074,-0.004607
0.001742,-0.386545,0.061287,-0.018163,0.001160,-0.007249
-0.000635,-0.477123,0.076335,-0.021833,-0.000670,-0.008931
-0.002797,-0.528864,0.085937,-0.023467,-0.003186,-0.009244
-0.002653,-0.545838,0.090700,-0.023216,-0.005992,-0.008887
0.001356,-0.538218,0.092016,-0.021856,-0.007974,-0.008777
0.008503,-0.517914,0.091441,-0.020615,-0.008014,-0.009490
0.016257,-0.496089,0.089997,-0.020494,-0.005780,-0.011237
0.021814,-0.480430,0.088141,-0.021828,-0.001778,-0.013681
0.023183,-0.473584,0.086365,-0.024395,0.002796,-0.015982
0.020158,-0.474512,0.085002,-0.027659,0.006469,-0.017520
0.014813,-0.480276,0.083683,-0.031008,0.008330,-0.018331
0.010056,-0.487374,0.081824,-0.034096,0.008594,-0.018491
0.007680,-0.494123,0.079225,-0.036909,0.008132,-0.017640
0.007711,-0.501085,0.075702,-0.039496,0.007601,-0.015335
0.009352,-0.509868,0.071279,-0.041721,0.007171,-0.011691
0.012138,-0.522661,0.066788,-0.042874,0.006990,-0.007591
0.015101,-0.539880,0.063297,-0.041694,0.007405,-0.004173
0.016515,-0.558428,0.061065,-0.037098,0.008294,-0.002377
0.015594,-0.573821,0.059407,-0.029030,0.009043,-0.002327
0.012352,-0.582779,0.057477,-0.018722,0.009118,-0.002906
0.006778,-0.584112,0.055059,-0.008040,0.007864,-0.002673
-0.000079,-0.578408,0.052885,0.001398,0.004566,-0.000803
-0.005932,-0.567508,0.052097,0.008721,-0.000729,0.002790
-0.008917,-0.553818,0.053090,0.013733,-0.006870,0.007467
-0.008632,-0.538556,0.055613,0.016307,-0.012176,0.011910
-0.006013,-0.521097,0.059572,0.016337,-0.015486,0.014732
-0.002408,-0.501228,0.064862,0.014108,-0.016679,0.015290
0.001471,-0.480760,0.070918,0.009945,-0.016250,0.013872
0.005124,-0.462499,0.076832,0.004100,-0.014750,0.011196
0.007764,-0.448611,0.081831,-0.002815,-0.012876,0.007477
0.009425,-0.439478,0.085431,-0.010111,-0.011157,0.002416
0.010533,-0.434470,0.087583,-0.017449,-0.009311,-0.003695
0.010580,-0.433576,0.088567,-0.024634,-0.007051,-0.009886
0.009489,-0.436317,0.088585,-0.031359,-0.004975,-0.015258
0.008563,-0.440390,0.088158,-0.037316,-0.003487,-0.019312
0.008412,-0.443609,0.087863,-0.042513,-0.001893,-0.021826
0.007867,-0.444826,0.087672,-0.047333,-0.000108,-0.022925
0.006487,-0.442180,0.087150,-0.052383,0.000579,-0.023033
0.005460,-0.434453,0.085944,-0.058280,-0.000446,-0.021846
0.005273,-0.424493,0.084196,-0.065375,-0.002704,-0.018611
0.005445,-0.417876,0.082353,-0.073606,-0.005754,-0.013718
0.005826,-0.417775,0.081085,-0.082275,-0.009214,-0.008202
0.006399,-0.422981,0.081016,-0.090120,-0.012375,-0.002930
0.006440,-0.429985,0.081977,-0.095933,-0.014436,0.000677
0.004925,-0.435038,0.082369,-0.099448,-0.014737,0.001364
0.000321,-0.436529,0.079930,-0.101700,-0.012873,0.000103
-0.009925,-0.435474,0.074373,-0.104133,-0.010567,-0.000982
-0.024941,-0.431230,0.067830,-0.107906,-0.012340,-0.001830
-0.037033,-0.419897,0.062431,-0.114345,-0.020891,-0.004233
-0.037827,-0.399895,0.058763,-0.125289,-0.033092,-0.008426
-0.026573,-0.376778,0.055902,-0.142299,-0.042946,-0.011608
-0.010086,-0.360180,0.052249,-0.165458,-0.047232,-0.010420
0.004069,-0.357127,0.046942,-0.193087,-0.046846,-0.003688
0.011953,-0.369983,0.041192,-0.221802,-0.043980,0.006398
0.013175,-0.398592,0.037038,-0.246683,-0.040193,0.015378
0.009118,-0.437754,0.034530,-0.263379,-0.036905,0.020489
0.000292,-0.475245,0.031830,-0.270868,-0.036564,0.022589
-0.011106,-0.500436,0.028036,-0.271302,-0.042423,0.023416
-0.016764,-0.510153,0.023661,-0.268103,-0.054654,0.023446
-0.009658,-0.507105,0.018389,-0.264988,-0.067358,0.022965
0.006816,-0.498129,0.011857,-0.265363,-0.074003,0.022774
0.025260,-0.488964,0.005367,-0.271276,-0.073438,0.023723
0.042498,-0.482117,0.000924,-0.282397,-0.066870,0.026385
0.056851,-0.481602,-0.000229,-0.295826,-0.054642,0.030269
0.064567,-0.492544,0.001162,-0.307098,-0.038215,0.033504
0.060861,-0.513884,0.002224,-0.312398,-0.021885,0.034716
0.044407,-0.537441,-0.000634,-0.310838,-0.011843,0.034752
0.021143,-0.555426,-0.009248,-0.304707,-0.012346,0.035095
0.000275,-0.563846,-0.022789,-0.298074,-0.022476,0.036085
-0.012602,-0.562129,-0.039006,-0.295086,-0.037424,0.037676
-0.016603,-0.554943,-0.054597,-0.297776,-0.051569,0.039793
-0.014134,-0.550362,-0.065671,-0.304368,-0.061031,0.041858
-0.008370,-0.554348,-0.070031,-0.309996,-0.065166,0.042864
0.000623,-0.568030,-0.068730,-0.309425,-0.064389,0.041704
0.013079,-0.587936,-0.064696,-0.299345,-0.057569,0.038104
0.024612,-0.608173,-0.061055,-0.279064,-0.044254,0.032721
0.029510,-0.623328,-0.059963,-0.250314,-0.027228,0.026160
0.025340,-0.630595,-0.061628,-0.216453,-0.011061,0.018610
0.013482,-0.629827,-0.065615,-0.181466,0.000209,0.009754
-0.001871,-0.621335,-0.071763,-0.149332,0.004459,-0.000690
-0.016211,-0.605849,-0.079198,-0.123254,0.002371,-0.011794
-0.027201,-0.586418,-0.086502,-0.104658,-0.003608,-0.020807
-0.034763,-0.566852,-0.092656,-0.093091,-0.011466,-0.024248
-0.038926,-0.549680,-0.097320,-0.087368,-0.019626,-0.020158
-0.039168,-0.537903,-0.100449,-0.086205,-0.026046,-0.008404
-0.036161,-0.534939,-0.101699,-0.087555,-0.029680,0.009951
-0.031164,-0.542166,-0.100636,-0.088299,-0.031270,0.031247
-0.024270,-0.558329,-0.097495,-0.085198,-0.031369,0.049038
-0.015835,-0.578149,-0.093511,-0.076093,-0.029659,0.057700
-0.007959,-0.593346,-0.090596,-0.061015,-0.026243,0.055539
-0.002671,-0.598430,-0.090068,-0.042704,-0.021971,0.044501
-0.000237,-0.593946,-0.091745,-0.025157,-0.017325,0.028473
-0.000984,-0.584335,-0.094583,-0.011467,-0.012268,0.012001
-0.005904,-0.574043,-0.097351,-0.002607,-0.008058,-0.000962
-0.013193,-0.565907,-0.098960,0.002488,-0.006874,-0.008184
-0.018668,-0.561544,-0.098815,0.005772,-0.009047,-0.009134
-0.020258,-0.560540,-0.096886,0.009089,-0.013185,-0.004810
-0.017915,-0.559817,-0.093766,0.013481,-0.018006,0.002420
-0.011296,-0.556230,-0.090088,0.018838,-0.022229,0.009778
-0.000223,-0.549329,-0.086058,0.024427,-0.024038,0.014822
0.013839,-0.540675,-0.081913,0.029726,-0.021737,0.015900
0.027675,-0.532067,-0.077987,0.034682,-0.014746,0.012556
0.037798,-0.525282,-0.074806,0.039384,-0.003581,0.005370
0.041265,-0.521886,-0.072863,0.043610,0.010192,-0.003626
0.036157,-0.521468,-0.071676,0.047147,0.023086,-0.010582
0.023991,-0.522361,-0.070633,0.050419,0.030952,-0.012547
0.010670,-0.523627,-0.070172,0.053553,0.032184,-0.009210
0.002500,-0.522983,-0.070323,0.055431,0.028686,-0.001219
0.002141,-0.517552,-0.070384,0.054837,0.024345,0.010036
0.008337,-0.508042,-0.070532,0.051476,0.022664,0.021875
0.018091,-0.497759,-0.071247,0.045764,0.025002,0.032055
0.028951,-0.488980,-0.071576,0.038417,0.030833,0.040456
0.039498,-0.482130,-0.069484,0.030496,0.039453,0.047012
0.048534,-0.478549,-0.064608,0.023747,0.051487,0.050003
0.053476,-0.481247,-0.059308,0.019960,0.067638,0.048981
0.050520,-0.490030,-0.056364,0.019986,0.085907,0.045954
0.037886,-0.500366,-0.057080,0.023482,0.101771,0.042591
0.018843,-0.508104,-0.061053,0.029188,0.110580,0.039448
0.000416,-0.510415,-0.066841,0.035448,0.110571,0.037742
-0.012985,-0.504289,-0.072366,0.040142,0.103806,0.039470
-0.021728,-0.488221,-0.075698,0.040696,0.092947,0.045498
-0.026407,-0.464981,-0.075894,0.035142,0.079474,0.054811
-0.025551,-0.442634,-0.072608,0.023556,0.065288,0.064900
-0.018068,-0.430592,-0.066083,0.008617,0.053845,0.072074
-,-,-,-,-,-
-0.000356,-0.008817,-0.000466,-0.000245,0.000971,0.000217
-0.001609,-0.050729,-0.002933,-0.001349,0.005938,0.001162
-0.003271,-0.140490,-0.008750,-0.003484,0.017657,0.002826
-0.004282,-0.260111,-0.017271,-0.005927,0.035448,0.003843
-0.004901,-0.375030,-0.026806,-0.008295,0.055839,0.002519
-0.006788,-0.458940,-0.035992,-0.011587,0.074448,-0.000885
-0.010988,-0.504201,-0.043239,-0.017009,0.087146,-0.004101
-0.016093,-0.519226,-0.047250,-0.024240,0.092052,-0.005295
-0.019825,-0.517496,-0.047972,-0.031667,0.090588,-0.004029
-0.022017,-0.509195,-0.045878,-0.037703,0.085475,-0.000349
-0.024098,-0.499975,-0.041814,-0.041434,0.078271,0.005019
-0.026522,-0.492459,-0.037486,-0.042753,0.069066,0.010194
-0.028253,-0.487871,-0.034831,-0.042215,0.058318,0.013947
-0.029145,-0.487860,-0.034715,-0.040361,0.047933,0.016760
-0.030362,-0.493684,-0.036652,-0.037124,0.039487,0.018839
-0.031866,-0.503827,-0.039678,-0.032002,0.033473,0.019583
-0.033093,-0.514525,-0.042953,-0.024448,0.030385,0.019444
-0.034698,-0.522162,-0.046173,-0.014634,0.030106,0.019962
-0.037152,-0.524902,-0.049402,-0.004047,0.031189,0.021979
-0.039946,-0.523408,-0.052293,0.005299,0.031918,0.024669
-0.043013,-0.519505,-0.054166,0.012045,0.031204,0.026311
-0.047325,-0.514196,-0.054396,0.015870,0.028417,0.026105
-0.052988,-0.509123,-0.052442,0.017528,0.023666,0.024883
-0.058187,-0.507739,-0.047867,0.018890,0.018458,0.023937
-0.061185,-0.511591,-0.040872,0.022364,0.015216,0.023763
-0.063134,-0.517024,-0.033196,0.029405,0.015758,0.023959
-0.067685,-0.517421,-0.027418,0.039168,0.019334,0.023789
-0.076060,-0.508108,-0.025183,0.048642,0.023054,0.022942
-0.085732,-0.489298,-0.026374,0.054197,0.024996,0.022061
-0.094361,-0.465697,-0.029449,0.053304,0.024888,0.022065
-0.100506,-0.443854,-0.032629,0.045482,0.022941,0.023121
-0.102854,-0.429517,-0.034626,0.032377,0.019930,0.024496
-0.101246,-0.425737,-0.034729,0.017119,0.017122,0.024563
-0.097258,-0.431579,-0.033220,0.003068,0.015559,0.021443
-0.093670,-0.443261,-0.031255,-0.007423,0.015376,0.014539
-0.092848,-0.456637,-0.030119,-0.013624,0.015880,0.005177
-0.095717,-0.468357,-0.030670,-0.016413,0.015881,-0.004232
-0.100795,-0.477082,-0.033029,-0.017553,0.013815,-0.011239
-0.104360,-0.484802,-0.036475,-0.018477,0.009253,-0.013838
-0.104068,-0.495084,-0.039792,-0.019329,0.003460,-0.011304
-0.100724,-0.508650,-0.042107,-0.019320,-0.002727,-0.004866
-0.095303,-0.521833,-0.043250,-0.017964,-0.009670,0.002927
-0.086642,-0.529855,-0.043480,-0.015800,-0.017100,0.009152
-0.073485,-0.530612,-0.043108,-0.014127,-0.023272,0.011568
-0.057001,-0.525799,-0.042008,-0.014039,-0.026401,0.009347
-0.040007,-0.519695,-0.039794,-0.015626,-0.025786,0.002699
-0.025566,-0.516919,-0.036601,-0.017943,-0.021652,-0.007478
-0.016319,-0.519965,-0.033195,-0.019600,-0.015135,-0.019189
-0.013545,-0.528191,-0.030611,-0.019639,-0.008237,-0.029227
-0.016654,-0.538946,-0.029808,-0.018006,-0.003307,-0.034521
-0.022740,-0.549100,-0.031157,-0.015372,-0.002087,-0.033815
-0.027736,-0.556041,-0.034203,-0.012722,-0.004476,-0.027866
-0.029438,-0.558516,-0.037791,-0.010935,-0.008860,-0.018911
-0.027635,-0.557020,-0.040786,-0.010540,-0.013399,-0.010030
-0.022899,-0.553201,-0.042932,-0.011639,-0.016217,-0.003926
-0.017249,-0.549434,-0.044291,-0.013695,-0.016134,-0.001913
-0.012970,-0.548391,-0.044719,-0.015354,-0.013348,-0.004186
-0.010728,-0.551727,-0.044416,-0.014856,-0.008417,-0.010749
-0.010566,-0.559529,-0.043651,-0.011042,-0.002191,-0.021443
-0.012616,-0.570810,-0.042822,-0.003797,0.003996,-0.034838
-0.017282,-0.583491,-0.043182,0.006599,0.009325,-0.048142
-0.025601,-0.593747,-0.045119,0.019691,0.011992,-0.058641
-0.036705,-0.596995,-0.046836,0.034175,0.009290,-0.064711
-0.047604,-0.592274,-0.046595,0.047997,0.002123,-0.067432
-0.056016,-0.584460,-0.045395,0.059626,-0.005877,-0.070629
-0.059806,-0.579873,-0.046558,0.068696,-0.013175,-0.075805
-0.058361,-0.580236,-0.050567,0.075776,-0.020529,-0.080050
-0.055121,-0.582396,-0.053002,0.082478,-0.028661,-0.081380
-0.053405,-0.583997,-0.050383,0.090992,-0.036955,-0.081753
-0.053359,-0.586031,-0.043900,0.102783,-0.044233,-0.083383
-0.054398,-0.588903,-0.036838,0.117881,-0.050805,-0.085611
-0.055242,-0.590083,-0.031356,0.134895,-0.058031,-0.086322
-0.053589,-0.587162,-0.027358,0.151519,-0.065552,-0.084566
-0.048750,-0.580475,-0.023270,0.165630,-0.071396,-0.081482
-0.042288,-0.571493,-0.018321,0.176406,-0.074324,-0.078785
-0.036134,-0.560784,-0.013105,0.184459,-0.074208,-0.076595
-0.031228,-0.549357,-0.007684,0.191177,-0.070922,-0.074364
-0.028062,-0.540452,-0.001381,0.198345,-0.064335,-0.073286
-0.026941,-0.537301,0.005242,0.208116,-0.055321,-0.074820
-0.026291,-0.539223,0.010473,0.222130,-0.045918,-0.076962
-0.023125,-0.540515,0.013896,0.239689,-0.037637,-0.074814
-0.017528,-0.533738,0.016536,0.257294,-0.030125,-0.065361
-0.013472,-0.514500,0.019039,0.270086,-0.022809,-0.049828
-0.013401,-0.483646,0.021438,0.273663,-0.016389,-0.031595
-0.015623,-0.446631,0.023785,0.265727,-0.011932,-0.013086
-0.017124,-0.411429,0.026489,0.246737,-0.010173,0.005575
-0.016315,-0.386204,0.030720,0.219862,-0.011530,0.024230
-0.013150,-0.374897,0.037629,0.190222,-0.015543,0.040144
-0.008464,-0.374240,0.046594,0.162733,-0.020497,0.049709
-0.003036,-0.377971,0.055449,0.140289,-0.024430,0.051359
0.002978,-0.381849,0.062448,0.123521,-0.025647,0.045943
0.008428,-0.384815,0.067113,0.111597,-0.022860,0.035466
0.011246,-0.387253,0.069977,0.102987,-0.016188,0.021964
0.010710,-0.388281,0.072186,0.095675,-0.006852,0.006862
0.007436,-0.386479,0.074368,0.087519,0.003660,-0.008538
0.001703,-0.382170,0.075914,0.076795,0.013580,-0.021955
-0.006769,-0.377917,0.076138,0.062585,0.020715,-0.030792
-0.017032,-0.377646,0.075467,0.045289,0.022990,-0.033835
-0.026576,-0.384356,0.074975,0.026756,0.019752,-0.031559
-0.032810,-0.397728,0.075515,0.009431,0.012186,-0.025370
-0.033871,-0.413648,0.077576,-0.004865,0.002634,-0.017181
-0.029230,-0.426489,0.081278,-0.015733,-0.006329,-0.009199
-0.019772,-0.433263,0.086321,-0.024116,-0.012642,-0.003400
-0.007269,-0.436296,0.092201,-0.031146,-0.014947,-0.001218
0.005646,-0.440950,0.098153,-0.036954,-0.012778,-0.003561
0.015716,-0.450563,0.103005,-0.040744,-0.006903,-0.010481
0.020418,-0.464516,0.105619,-0.041753,0.000862,-0.020669
0.019392,-0.479651,0.105419,-0.040116,0.008524,-0.031534
0.014013,-0.492334,0.102525,-0.037158,0.014888,-0.039996
0.005886,-0.500024,0.097768,-0.035015,0.019507,-0.043577
-0.003124,-0.502393,0.092381,-0.035752,0.022216,-0.041085
-0.010908,-0.502223,0.087532,-0.040298,0.023363,-0.032717
-0.016613,-0.504205,0.084153,-0.047710,0.023504,-0.020358
-0.020407,-0.511553,0.082633,-0.055408,0.022590,-0.007486
-0.022356,-0.523436,0.082447,-0.060547,0.020699,0.002426
-0.023338,-0.535526,0.082539,-0.061608,0.018653,0.007550
-0.024888,-0.543359,0.082159,-0.058971,0.016977,0.007908
-0.027330,-0.545604,0.081132,-0.054285,0.015835,0.005002
-0.030431,-0.544383,0.079745,-0.049258,0.015697,0.001095
-0.034630,-0.542919,0.078411,-0.044701,0.016590,-0.001992
-0.039800,-0.543027,0.077135,-0.040511,0.017661,-0.003304
-0.045116,-0.544536,0.075536,-0.036325,0.018076,-0.002235
-0.050430,-0.546236,0.073219,-0.031931,0.017363,0.001661
-0.055527,-0.546449,0.070046,-0.027437,0.015239,0.008470
-0.059775,-0.543508,0.066418,-0.023388,0.011867,0.017865
-0.063511,-0.537021,0.063237,-0.020430,0.007174,0.028515
-0.066467,-0.527449,0.061061,-0.019025,0.000621,0.038181
-0.067122,-0.514692,0.059786,-0.019693,-0.007293,0.045364
-,-,-,-,-,-
-0.000577,-0.008199,0.001197,-0.000933,-0.000495,0.000791
