-,-,-,-,-,-
-0.000605,-0.008762,-0.000124,0.002190,-0.001901,-0.000752
-0.001859,-0.050869,-0.000794,0.012658,-0.011425,-0.006753
0.005222,-0.140818,-0.001384,0.035258,-0.034284,-0.025588
0.036425,-0.261834,-0.005219,0.066177,-0.065969,-0.061740
0.086097,-0.384851,-0.023256,0.099326,-0.085268,-0.110987
0.118070,-0.479171,-0.053191,0.129066,-0.073192,-0.154184
0.102994,-0.521381,-0.072114,0.144659,-0.041510,-0.164153
0.051449,-0.523391,-0.067575,0.136604,-0.022394,-0.132396
0.002794,-0.521805,-0.050858,0.111444,-0.031707,-0.080752
-0.007399,-0.534291,-0.040019,0.087662,-0.056412,-0.040894
0.028377,-0.553178,-0.048302,0.079790,-0.071749,-0.032149
0.079270,-0.567403,-0.074984,0.093941,-0.062289,-0.058400
0.098730,-0.564426,-0.098127,0.127108,-0.034366,-0.109333
0.072327,-0.534139,-0.095770,0.164298,-0.014896,-0.159224
0.029916,-0.490085,-0.074551,0.189285,-0.026492,-0.187847
0.005736,-0.457350,-0.057354,0.199360,-0.062546,-0.203879
0.005836,-0.438750,-0.049114,0.199566,-0.098991,-0.217787
0.017403,-0.423731,-0.035717,0.189588,-0.121084,-0.216089
0.029246,-0.416139,-0.010100,0.166990,-0.127894,-0.188627
0.039386,-0.426818,0.019340,0.136542,-0.123355,-0.145188
0.052013,-0.455127,0.041767,0.108590,-0.110175,-0.101078
0.068321,-0.490071,0.054111,0.091545,-0.088522,-0.067841
0.081916,-0.519434,0.059875,0.088096,-0.060067,-0.049650
0.084306,-0.536288,0.063162,0.095968,-0.031104,-0.044990
0.071608,-0.540783,0.064878,0.110509,-0.010916,-0.053223
0.048218,-0.537954,0.064014,0.127501,-0.007651,-0.075830
0.027971,-0.531430,0.060650,0.144651,-0.022113,-0.112357
0.025212,-0.517933,0.056096,0.159815,-0.044939,-0.152465
0.041169,-0.492595,0.053397,0.167915,-0.063024,-0.174702
0.063507,-0.458676,0.056190,0.162010,-0.068803,-0.162102
0.078031,-0.429951,0.064555,0.139205,-0.063829,-0.117536
0.079592,-0.421185,0.074958,0.105157,-0.055338,-0.060321
0.073813,-0.433607,0.083584,0.070921,-0.049060,-0.010636
0.068715,-0.455306,0.088241,0.045042,-0.045382,0.021860
0.066952,-0.474392,0.087988,0.029859,-0.042210,0.038441
0.067535,-0.484941,0.082524,0.022939,-0.038742,0.044175
0.070844,-0.485123,0.072778,0.019225,-0.034835,0.042039
0.077958,-0.476278,0.061216,0.013403,-0.028985,0.034358
0.086901,-0.463284,0.050950,0.002332,-0.019324,0.025408
0.093143,-0.453045,0.044185,-0.013787,-0.006193,0.018944
0.093891,-0.451240,0.041559,-0.032076,0.007643,0.015918
0.089814,-0.460862,0.042634,-0.048596,0.019344,0.015821
0.082894,-0.481552,0.045881,-0.059358,0.027452,0.017638
0.075388,-0.507153,0.048937,-0.061637,0.031469,0.019535
0.070245,-0.527742,0.050235,-0.055950,0.031930,0.020140
0.068979,-0.537222,0.049977,-0.045514,0.030886,0.020180
0.069562,-0.536257,0.049617,-0.033647,0.030628,0.021438
0.068618,-0.528604,0.050795,-0.022870,0.031565,0.025045
0.064998,-0.517431,0.054013,-0.015449,0.032391,0.030251
0.060418,-0.504999,0.058242,-0.013417,0.032112,0.034263
0.057321,-0.494305,0.062157,-0.017729,0.031131,0.035262
0.056522,-0.488889,0.065227,-0.027259,0.030692,0.033562
0.056658,-0.490314,0.067703,-0.038985,0.031477,0.029901
0.055856,-0.497262,0.070100,-0.049549,0.032673,0.025382
0.053538,-0.506741,0.072802,-0.056719,0.032796,0.020625
0.050217,-0.515221,0.076298,-0.059991,0.031015,0.015524
0.046280,-0.521158,0.080734,-0.060076,0.026883,0.011648
0.042392,-0.526630,0.084454,-0.057417,0.019630,0.011542
0.041104,-0.533971,0.084616,-0.051452,0.009347,0.014927
0.045616,-0.541284,0.080051,-0.041704,-0.001025,0.018270
0.055358,-0.543398,0.072760,-0.029575,-0.006834,0.018963
0.064712,-0.538006,0.066490,-0.018460,-0.006083,0.017399
0.067940,-0.528469,0.063870,-0.011369,-0.001639,0.014238
0.064648,-0.519133,0.064691,-0.008921,0.001618,0.009024
0.059511,-0.511290,0.066974,-0.009924,0.001478,0.001901
0.056638,-0.505390,0.069394,-0.012689,-0.000082,-0.004767
0.055221,-0.502723,0.071930,-0.015405,-0.000165,-0.008482
0.051875,-0.502442,0.074721,-0.016751,0.001038,-0.010254
0.046118,-0.500591,0.077458,-0.017082,0.000564,-0.012422
0.041142,-0.494743,0.079489,-0.018154,-0.003419,-0.014837
0.039582,-0.487410,0.079993,-0.021068,-0.009582,-0.016215
0.041046,-0.482652,0.078611,-0.025122,-0.015464,-0.016361
0.043943,-0.481430,0.076049,-0.028902,-0.019831,-0.015729
0.047386,-0.482454,0.073632,-0.031635,-0.022445,-0.014302
0.050554,-0.485070,0.072447,-0.033150,-0.022966,-0.011830
0.051789,-0.488900,0.073181,-0.033424,-0.021223,-0.008747
0.049562,-0.492038,0.075918,-0.032804,-0.018369,-0.005850
0.044365,-0.491721,0.079416,-0.032356,-0.016897,-0.003278
0.039336,-0.486657,0.081593,-0.033674,-0.018562,-0.001070
0.037940,-0.478441,0.081107,-0.038103,-0.022860,0.000312
0.040727,-0.470752,0.077726,-0.045657,-0.028198,0.000455
0.045345,-0.465998,0.072427,-0.055066,-0.033417,-0.000909
0.048735,-0.464528,0.067648,-0.064938,-0.038320,-0.003150
0.049203,-0.466948,0.065470,-0.074082,-0.043810,-0.005275
0.047997,-0.473363,0.065423,-0.081204,-0.050897,-0.007594
0.048317,-0.481189,0.065404,-0.085409,-0.058907,-0.010769
0.051945,-0.485810,0.064381,-0.087395,-0.065240,-0.014190
0.057244,-0.483935,0.063049,-0.090003,-0.067732,-0.016310
0.060786,-0.478309,0.061920,-0.096684,-0.067121,-0.015874
0.061629,-0.478325,0.059955,-0.107892,-0.066485,-0.012750
0.063494,-0.491895,0.055585,-0.119010,-0.067279,-0.008813
0.070697,-0.516080,0.048554,-0.123445,-0.066132,-0.006551
0.081594,-0.539515,0.040763,-0.118036,-0.057932,-0.004451
0.088243,-0.554427,0.035305,-0.104411,-0.042633,0.001684
0.084494,-0.560892,0.033819,-0.085987,-0.026754,0.011030
0.073021,-0.559876,0.034984,-0.065955,-0.017503,0.017572
0.062283,-0.550421,0.036190,-0.047662,-0.016889,0.018047
0.058150,-0.534668,0.035666,-0.034031,-0.021582,0.015584
0.060331,-0.518385,0.033022,-0.026076,-0.026354,0.014700
0.064567,-0.506453,0.029107,-0.023281,-0.027651,0.016143
0.066811,-0.501001,0.025534,-0.024799,-0.025665,0.017792
0.066605,-0.500912,0.023861,-0.029601,-0.022612,0.016799
0.065951,-0.503293,0.024679,-0.036379,-0.019253,0.012435
0.065341,-0.507384,0.027630,-0.043534,-0.014856,0.007799
0.063272,-0.514778,0.032215,-0.048918,-0.009480,0.005441
0.059051,-0.525953,0.037559,-0.050111,-0.004489,0.005075
0.054029,-0.539242,0.041819,-0.045382,-0.001395,0.006719
0.050577,-0.552073,0.042899,-0.034270,-0.000689,0.010226
0.050468,-0.560070,0.039939,-0.018012,-0.001225,0.013010
0.053133,-0.557272,0.034538,-0.000210,-0.001048,0.013119
0.055460,-0.541179,0.030184,0.013647,0.000475,0.011864
0.054532,-0.516724,0.029279,0.018855,0.001653,0.010917
0.051010,-0.493147,0.031151,0.014296,0.000457,0.009869
0.048462,-0.477355,0.033688,0.002319,-0.002614,0.007893
0.048400,-0.471411,0.035989,-0.013779,-0.005143,0.005827
0.048546,-0.475379,0.038560,-0.031150,-0.006333,0.005095
0.047477,-0.489166,0.041419,-0.046503,-0.007593,0.005843
0.047285,-0.510584,0.043361,-0.055467,-0.008976,0.007627
0.049398,-0.533731,0.043621,-0.054268,-0.007719,0.010516
0.050903,-0.550627,0.043030,-0.042517,-0.002210,0.014979
0.048226,-0.555622,0.042573,-0.024040,0.004412,0.021117
0.043005,-0.548257,0.041990,-0.004553,0.007287,0.027730
0.040519,-0.531824,0.040680,0.011233,0.005759,0.033253
0.042521,-0.510740,0.039133,0.020652,0.003591,0.037626
0.044960,-0.489251,0.038717,0.022686,0.003394,0.042392
0.043319,-0.471461,0.040217,0.017599,0.003590,0.048354
0.037940,-0.460905,0.043211,0.007026,0.001398,0.053510
0.032818,-0.459354,0.046875,-0.006433,-0.003331,0.055507
-,-,-,-,-,-
0.000404,-0.010105,0.001193,-0.000676,-0.000033,0.000899
0.002263,-0.058794,0.006810,-0.003526,-0.000523,0.004621
0.006657,-0.164136,0.018555,-0.008337,-0.002534,0.010339
0.014854,-0.304381,0.033146,-0.012134,-0.006415,0.013123
0.027889,-0.436659,0.044957,-0.012248,-0.009836,0.009765
0.043491,-0.529018,0.050946,-0.008281,-0.008730,0.002613
0.055214,-0.570992,0.052348,-0.001684,-0.001477,-0.003697
0.057068,-0.569121,0.052360,0.004556,0.008300,-0.006485
0.048692,-0.539483,0.053004,0.006858,0.013941,-0.005828
0.035686,-0.501161,0.054173,0.002935,0.010689,-0.003206
0.025445,-0.470408,0.054477,-0.006922,-0.001250,-0.000110
0.022801,-0.456854,0.052650,-0.019784,-0.017205,0.002528
0.028536,-0.462295,0.048702,-0.031207,-0.030858,0.004398
0.039880,-0.481823,0.043818,-0.037148,-0.037266,0.005714
0.051831,-0.506736,0.039536,-0.035654,-0.034846,0.006263
0.059681,-0.527914,0.037108,-0.027601,-0.025992,0.004742
0.061655,-0.538660,0.036983,-0.016348,-0.015571,-0.000029
0.059165,-0.536691,0.039069,-0.006307,-0.007653,-0.006856
0.054106,-0.524442,0.043437,-0.001196,-0.003824,-0.011969
0.047056,-0.508232,0.049276,-0.002861,-0.004480,-0.013002
0.039692,-0.496047,0.053819,-0.010342,-0.009430,-0.012607
0.036295,-0.492023,0.054656,-0.020202,-0.016418,-0.015251
0.039574,-0.493687,0.052221,-0.029289,-0.021322,-0.021244
0.046917,-0.497158,0.048995,-0.036596,-0.021078,-0.026390
0.052602,-0.502089,0.047377,-0.041938,-0.015955,-0.026949
0.053045,-0.509466,0.048257,-0.044535,-0.008895,-0.023587
0.049408,-0.517696,0.050954,-0.043777,-0.002775,-0.019654
0.044980,-0.523727,0.054147,-0.040265,0.001422,-0.016854
0.041348,-0.526155,0.056791,-0.035254,0.003993,-0.014951
0.038156,-0.524573,0.058678,-0.029861,0.005051,-0.014198
0.035104,-0.518611,0.060197,-0.025720,0.004295,-0.016624
0.032675,-0.509753,0.061513,-0.024804,0.001387,-0.024931
0.031980,-0.500839,0.062066,-0.027319,-0.004241,-0.038017
0.034728,-0.493579,0.060854,-0.031719,-0.012148,-0.050253
0.041542,-0.489259,0.057237,-0.036387,-0.019616,-0.055529
0.050515,-0.489425,0.051584,-0.039543,-0.023502,-0.050714
0.059080,-0.492432,0.045411,-0.039907,-0.022547,-0.038677
0.065890,-0.493126,0.040201,-0.038767,-0.017836,-0.025449
0.070621,-0.489064,0.035957,-0.039292,-0.012000,-0.014749
0.074085,-0.482635,0.032335,-0.043899,-0.007332,-0.007378
0.077883,-0.478139,0.030316,-0.053180,-0.004194,-0.001427
0.082175,-0.481197,0.031196,-0.065213,-0.001387,0.005640
0.085493,-0.495430,0.034961,-0.075240,0.002251,0.012693
0.087392,-0.516974,0.039625,-0.078511,0.006918,0.016488
0.089301,-0.536862,0.042007,-0.073781,0.012051,0.016538
0.093039,-0.546030,0.040931,-0.064438,0.017170,0.014010
0.098799,-0.539188,0.038085,-0.057177,0.022152,0.010798
0.104668,-0.520521,0.034519,-0.057811,0.026513,0.010589
0.109196,-0.500796,0.030000,-0.068127,0.029856,0.013927
0.112427,-0.489113,0.025638,-0.086481,0.032906,0.017223
0.114330,-0.491652,0.022904,-0.108638,0.036254,0.017644
0.116064,-0.510005,0.021143,-0.128320,0.039549,0.014770
0.120762,-0.538640,0.018512,-0.139618,0.043719,0.010720
0.129477,-0.568156,0.014003,-0.139910,0.051774,0.007644
0.138642,-0.589485,0.007816,-0.130457,0.066056,0.005004
0.142824,-0.596221,0.001019,-0.115194,0.085821,0.001006
0.138253,-0.587700,-0.004314,-0.099239,0.107166,-0.004335
0.124400,-0.571466,-0.005929,-0.086258,0.124241,-0.008155
0.105597,-0.557994,-0.004053,-0.076163,0.131979,-0.007861
0.090994,-0.551147,-0.002304,-0.066198,0.130359,-0.005105
0.088702,-0.547372,-0.004357,-0.054377,0.125664,-0.004024
0.098732,-0.542490,-0.010345,-0.041548,0.126029,-0.004828
0.112619,-0.536381,-0.017052,-0.029647,0.135776,-0.003836
0.120201,-0.532376,-0.022251,-0.016885,0.152262,0.004842
0.117947,-0.531397,-0.026010,0.001936,0.167846,0.025960
0.111155,-0.527304,-0.025678,0.026165,0.178164,0.052688
0.105991,-0.516256,-0.017734,0.047775,0.186879,0.075586
0.100521,-0.505210,-0.003457,0.062139,0.199476,0.094809
0.087573,-0.499905,0.013886,0.071184,0.215050,0.108140
0.064877,-0.495968,0.032272,0.076655,0.226126,0.110993
0.038817,-0.488945,0.049097,0.077546,0.226077,0.106898
0.018687,-0.481413,0.060627,0.073467,0.215337,0.101648
0.009571,-0.476789,0.064954,0.066103,0.200034,0.096900
0.010178,-0.475379,0.063532,0.057251,0.187126,0.091436
0.014787,-0.476985,0.059688,0.048418,0.180729,0.084517
0.017208,-0.480757,0.056396,0.041499,0.180048,0.079381
0.014592,-0.484449,0.054798,0.037825,0.179770,0.080313
0.010000,-0.485903,0.053427,0.036975,0.173956,0.085392
0.012300,-0.483872,0.048280,0.036959,0.162303,0.088594
0.027956,-0.479845,0.037442,0.036446,0.154065,0.091752
0.047709,-0.479035,0.027057,0.037036,0.162004,0.105776
0.047354,-0.485384,0.026980,0.041383,0.186875,0.131993
0.011019,-0.495256,0.039752,0.048949,0.209380,0.153996
-0.047611,-0.499957,0.057811,0.055611,0.203568,0.157278
-0.093136,-0.495935,0.069748,0.057603,0.161308,0.142782
-0.098264,-0.488127,0.068263,0.055187,0.101885,0.120855
-0.063402,-0.482820,0.054633,0.052074,0.056563,0.104847
-0.011060,-0.483000,0.037055,0.051584,0.045044,0.106703
0.029516,-0.491145,0.025052,0.054326,0.064335,0.126990
0.039279,-0.509760,0.023921,0.059614,0.095449,0.149785
0.021484,-0.535620,0.032000,0.067892,0.118885,0.157145
-0.005918,-0.558199,0.043405,0.080390,0.126444,0.145425
-0.027859,-0.566644,0.053221,0.096337,0.122143,0.123857
-0.040702,-0.557524,0.059373,0.111902,0.114548,0.104483
-0.050402,-0.536141,0.063506,0.122876,0.109589,0.095239
-0.064921,-0.510545,0.069468,0.126918,0.106810,0.096924
-0.085535,-0.486028,0.077852,0.122979,0.099873,0.103162
-0.104681,-0.465655,0.085623,0.111420,0.083874,0.106609
-0.113580,-0.452404,0.090559,0.095007,0.062086,0.106109
-0.110913,-0.448720,0.091974,0.078838,0.043023,0.106518
-0.102814,-0.455124,0.088882,0.067687,0.033202,0.112825
-0.097193,-0.470480,0.082395,0.062270,0.034166,0.125219
-0.099562,-0.491673,0.077514,0.060525,0.042288,0.138790
-0.109866,-0.512363,0.077284,0.060886,0.049964,0.146852
-0.121447,-0.524649,0.079632,0.062110,0.051050,0.145265
-0.126484,-0.522872,0.081593,0.062402,0.046337,0.134024
-0.123387,-0.507302,0.081912,0.059611,0.041120,0.117852
-0.116468,-0.485294,0.080303,0.052453,0.038587,0.103703
-0.109129,-0.466746,0.077002,0.041840,0.038885,0.094201
-0.101472,-0.457710,0.072894,0.030552,0.042368,0.087824
-0.093882,-0.458159,0.068892,0.021608,0.049923,0.082861
-0.088771,-0.463062,0.065680,0.016697,0.061262,0.077629
-0.089640,-0.464772,0.064228,0.015186,0.074229,0.071719
-0.099837,-0.457168,0.065583,0.013600,0.083785,0.067074
-0.118902,-0.440177,0.069904,0.006813,0.082535,0.065053
-0.139314,-0.420293,0.075387,-0.008412,0.065773,0.065008
-0.149895,-0.405885,0.078423,-0.030758,0.036605,0.066736
-0.143645,-0.402519,0.076236,-0.055169,0.005471,0.071410
-0.123084,-0.411457,0.069857,-0.075592,-0.015437,0.080035
-0.099452,-0.430048,0.063831,-0.087678,-0.019090,0.092167
-0.085728,-0.452951,0.062525,-0.090641,-0.008000,0.105134
-0.087756,-0.474350,0.066740,-0.087291,0.007576,0.115015
-0.101156,-0.490622,0.073898,-0.081725,0.017442,0.119390
-0.116826,-0.500000,0.080985,-0.076541,0.018306,0.118318
-0.128818,-0.499476,0.087086,-0.072800,0.013107,0.114294
-0.137156,-0.486197,0.093098,-0.072353,0.005021,0.112109
-0.144037,-0.463531,0.099166,-0.078182,-0.006248,0.115977
-0.148658,-0.441978,0.103307,-0.091646,-0.022269,0.126359
-,-,-,-,-,-
-0.001273,-0.010090,0.001292,-0.002697,-0.000806,0.002832
-0.007867,-0.060187,0.007608,-0.015154,-0.003792,0.016075
-0.024707,-0.175004,0.021592,-0.040099,-0.007864,0.042572
-0.053774,-0.344211,0.040457,-0.068191,-0.010860,0.070510
-0.089234,-0.531000,0.057313,-0.084018,-0.014560,0.079829
-0.115605,-0.695140,0.066090,-0.075464,-0.020522,0.057716
-0.118765,-0.808886,0.065146,-0.038038,-0.021949,0.006938
-0.100137,-0.862242,0.057019,0.024142,-0.007287,-0.060489
-0.076346,-0.857647,0.046643,0.098906,0.027401,-0.131328
-0.066461,-0.806847,0.040239,0.169337,0.071882,-0.192603
-0.078270,-0.731387,0.042464,0.221363,0.107599,-0.235795
-0.103392,-0.656221,0.053061,0.250411,0.120595,-0.259898
-0.125209,-0.600307,0.067741,0.260849,0.110328,-0.266586
-0.132048,-0.575137,0.081556,0.261331,0.087622,-0.257715
-0.123478,-0.585417,0.089497,0.261714,0.065952,-0.243253
-0.105884,-0.626035,0.087512,0.272022,0.054200,-0.237866
-0.084956,-0.681816,0.076769,0.302313,0.055821,-0.244565
-0.065082,-0.732755,0.063307,0.361863,0.070547,-0.249824
-0.054609,-0.761730,0.053561,0.454405,0.092494,-0.233217
-0.064469,-0.760261,0.050050,0.572435,0.108624,-0.190446
-0.097137,-0.731177,0.049539,0.699930,0.102146,-0.140656
-0.139382,-0.685551,0.048776,0.819927,0.060682,-0.104771
-0.166987,-0.631620,0.046347,0.918060,-0.013612,-0.091311
-0.158335,-0.567490,0.041901,0.985348,-0.099619,-0.094648
-0.111682,-0.487890,0.042948,1.000000,-0.166753,-0.095819
-0.050114,-0.393968,0.060863,1.000000,-0.195703,-0.080291
-0.001819,-0.293316,0.097541,1.000000,-0.191667,-0.051472
0.024784,-0.197996,0.144071,0.954351,-0.173231,-0.022392
0.041770,-0.127597,0.187474,0.852107,-0.150071,-0.000907
0.060181,-0.104413,0.217444,0.718083,-0.117082,0.014819
0.076741,-0.133914,0.232364,0.583437,-0.066077,0.019111
0.080191,-0.195544,0.239663,0.476501,0.002544,0.002231
0.059062,-0.261404,0.249361,0.410111,0.075655,-0.026579
0.006993,-0.318414,0.265903,0.384204,0.129090,-0.049030
-0.066203,-0.368232,0.286034,0.395184,0.137986,-0.060375
-0.130166,-0.407945,0.303774,0.438660,0.094564,-0.065621
-0.152047,-0.418691,0.315608,0.500802,0.019182,-0.068347
-0.124241,-0.386360,0.323030,0.555636,-0.050310,-0.065935
-0.070423,-0.326794,0.329948,0.579944,-0.086187,-0.051297
-0.020829,-0.273591,0.337494,0.567959,-0.086666,-0.029268
0.011053,-0.249400,0.343715,0.531408,-0.065989,-0.014579
0.025224,-0.255371,0.346902,0.489767,-0.037683,-0.011911
0.023468,-0.277396,0.347873,0.459781,-0.009555,-0.016221
0.008017,-0.295684,0.349439,0.448590,0.012552,-0.022082
-0.013870,-0.290414,0.354341,0.448381,0.024118,-0.023802
-0.029793,-0.250576,0.363739,0.436559,0.026121,-0.017527
-0.031844,-0.185366,0.375647,0.389335,0.025562,-0.002335
-0.025361,-0.122577,0.385805,0.300058,0.029379,0.020842
-0.023335,-0.090056,0.391826,0.184068,0.037978,0.045772
-0.033228,-0.098170,0.395425,0.066991,0.044428,0.065055
-0.051276,-0.139706,0.400132,-0.030657,0.040841,0.074015
-0.067332,-0.201568,0.407645,-0.099643,0.026114,0.071032
-0.074458,-0.273944,0.417391,-0.137842,0.006901,0.059334
-0.073479,-0.348357,0.427651,-0.145130,-0.008467,0.041165
-0.068203,-0.409565,0.435701,-0.124436,-0.015863,0.016155
-0.061311,-0.439506,0.438970,-0.085281,-0.015994,-0.010621
-0.055196,-0.432651,0.436461,-0.041734,-0.012407,-0.029899
-0.050408,-0.399447,0.428686,-0.005630,-0.009319,-0.037199
-0.043705,-0.356117,0.417426,0.017569,-0.008025,-0.034005
-0.032882,-0.316349,0.405910,0.028245,-0.005079,-0.023865
-0.022449,-0.287264,0.398051,0.029565,0.003288,-0.010932
-0.020338,-0.269116,0.396505,0.023823,0.015123,0.000634
-0.029678,-0.261129,0.401219,0.011392,0.023020,0.007810
-0.045903,-0.266064,0.409697,-0.006482,0.020347,0.008438
-0.060370,-0.286210,0.418456,-0.024943,0.006478,0.001144
-0.065605,-0.317668,0.424295,-0.036574,-0.012568,-0.013913
-0.059355,-0.349691,0.425012,-0.035182,-0.027054,-0.035155
-0.046837,-0.369883,0.421308,-0.019899,-0.029749,-0.056750
-0.038730,-0.374248,0.417407,0.003949,-0.022441,-0.066260
-0.043246,-0.373083,0.416622,0.031892,-0.016215,-0.053341
-0.056658,-0.377318,0.417956,0.066015,-0.022353,-0.023371
-0.064299,-0.379860,0.417982,0.107524,-0.040378,0.005065
-0.056176,-0.365064,0.415068,0.148935,-0.058664,0.019321
-0.035718,-0.325879,0.411187,0.176005,-0.066928,0.023185
-0.012899,-0.267877,0.408055,0.174125,-0.062863,0.027524
0.003257,-0.210495,0.404584,0.137981,-0.049967,0.037329
0.009060,-0.175212,0.400171,0.077081,-0.033495,0.050746
0.005986,-0.169541,0.396908,0.009565,-0.016805,0.064485
-0.004086,-0.186308,0.397560,-0.048502,-0.001371,0.076586
-0.020296,-0.213117,0.403210,-0.089473,0.010207,0.086644
-0.039940,-0.242629,0.412681,-0.113065,0.014577,0.094168
-0.057989,-0.273258,0.423398,-0.121317,0.011458,0.096846
-0.070764,-0.301543,0.433053,-0.116686,0.004171,0.092069
-0.077829,-0.321773,0.440425,-0.103345,-0.004275,0.080259
-0.078978,-0.332540,0.444237,-0.086353,-0.012985,0.064230
-0.071766,-0.336591,0.442578,-0.069067,-0.020108,0.046060
-0.055567,-0.335539,0.435026,-0.052927,-0.020950,0.027540
-0.036676,-0.329146,0.424282,-0.039199,-0.011681,0.011161
-0.025478,-0.317893,0.414885,-0.029814,0.005893,-0.001083
-0.028788,-0.302516,0.410421,-0.027295,0.023836,-0.007936
-0.044519,-0.281146,0.410733,-0.034738,0.032051,-0.008977
-0.062630,-0.253851,0.412458,-0.055591,0.024799,-0.001911
-0.073900,-0.234578,0.412932,-0.089848,0.005667,0.017006
-0.076953,-0.242593,0.411847,-0.127731,-0.014534,0.040861
-0.076334,-0.272959,0.411063,-0.154821,-0.025911,0.054522
-0.080043,-0.298445,0.413997,-0.167607,-0.027794,0.056150
-0.094139,-0.305883,0.421256,-0.175228,-0.030286,0.056921
-0.111413,-0.306381,0.427498,-0.184971,-0.043455,0.061365
-0.114747,-0.310717,0.426060,-0.194958,-0.063719,0.064411
-0.098688,-0.316480,0.416198,-0.200895,-0.076121,0.062143
-0.078823,-0.318078,0.404164,-0.202920,-0.071615,0.054118
-0.073220,-0.314739,0.396140,-0.205210,-0.057603,0.039351
-0.081003,-0.309708,0.391583,-0.211693,-0.048075,0.017434
-0.087050,-0.307990,0.385676,-0.221783,-0.046483,-0.008437
-0.083182,-0.312310,0.376315,-0.230338,-0.043881,-0.033080
-0.076013,-0.320036,0.365715,-0.232656,-0.032564,-0.052980
-0.075431,-0.324244,0.357098,-0.228859,-0.014711,-0.067880
-0.084706,-0.316633,0.352712,-0.224543,0.002038,-0.078192
-0.103109,-0.295233,0.353139,-0.228266,0.009772,-0.082135
-0.126588,-0.270742,0.356050,-0.245602,0.001949,-0.078627
-0.144793,-0.259691,0.357263,-0.273849,-0.021858,-0.068821
-0.148485,-0.272870,0.354513,-0.302797,-0.052764,-0.054080
-0.139155,-0.308510,0.349189,-0.320789,-0.078313,-0.038051
-0.126433,-0.351871,0.344438,-0.322011,-0.091803,-0.026159
-0.118647,-0.386446,0.341928,-0.309570,-0.096434,-0.019586
-0.115845,-0.407022,0.340047,-0.291101,-0.100665,-0.015248
-0.110479,-0.418478,0.335871,-0.271915,-0.108512,-0.011394
-0.096911,-0.425511,0.328749,-0.253140,-0.115267,-0.009955
-0.079012,-0.426509,0.320774,-0.234976,-0.114162,-0.014749
-0.065747,-0.414855,0.314400,-0.220109,-0.105303,-0.027263
-0.062122,-0.386288,0.310509,-0.214129,-0.096520,-0.042727
-0.065711,-0.347927,0.307925,-0.222286,-0.097066,-0.053127
-0.068008,-0.317593,0.304553,-0.244560,-0.110048,-0.055738
-0.059962,-0.311137,0.299746,-0.274229,-0.128636,-0.055405
-0.040937,-0.332311,0.294926,-0.301604,-0.140899,-0.060715
-0.020194,-0.372235,0.292184,-0.319111,-0.140504,-0.077770
-0.007116,-0.414908,0.293481,-0.323880,-0.131608,-0.100971
-0.003940,-0.446260,0.299330,-0.316931,-0.123411,-0.115945
-,-,-,-,-,-
-0.000115,-0.007832,0.005492,-0.004318,-0.003184,-0.000896
-0.000993,-0.046362,0.032511,-0.025157,-0.018736,-0.009450
-0.000494,-0.131882,0.090709,-0.069713,-0.052284,-0.034371
0.009437,-0.250123,0.165258,-0.126818,-0.094337,-0.068227
0.032179,-0.368917,0.231506,-0.176261,-0.126179,-0.090740
0.056784,-0.462393,0.277024,-0.204664,-0.135940,-0.091307
-,-,-,-,-,-
0.002658,-0.009469,-0.000809,-0.000865,-0.000494,-0.000621
0.015292,-0.054552,-0.004845,-0.004738,-0.001800,-0.003614
0.041476,-0.151049,-0.013692,-0.012179,-0.001270,-0.010041
0.072723,-0.279012,-0.024994,-0.020180,0.005311,-0.018480
0.095413,-0.400424,-0.034068,-0.025094,0.017785,-0.026572
0.102457,-0.486133,-0.037887,-0.026367,0.030385,-0.032859
0.096448,-0.527244,-0.037100,-0.026844,0.036186,-0.035446
0.085672,-0.534497,-0.035032,-0.029609,0.031768,-0.031731
0.078566,-0.526837,-0.034749,-0.035009,0.019596,-0.022978
0.079507,-0.518157,-0.037197,-0.041067,0.006644,-0.015115
0.087373,-0.513734,-0.041173,-0.045738,-0.000075,-0.011850
0.097262,-0.515068,-0.044012,-0.047780,0.002899,-0.012325
0.103648,-0.521996,-0.043490,-0.046453,0.014593,-0.016372
0.103420,-0.530643,-0.039771,-0.042198,0.030377,-0.026053
0.097496,-0.535685,-0.034805,-0.037177,0.044604,-0.041770
0.089521,-0.535243,-0.030071,-0.033446,0.053856,-0.061587
0.082933,-0.530267,-0.025459,-0.031077,0.057574,-0.082907
0.079020,-0.521167,-0.020396,-0.029040,0.056868,-0.101770
0.076693,-0.507536,-0.014727,-0.027378,0.053613,-0.114371
0.073941,-0.489642,-0.008165,-0.028245,0.049042,-0.119180
0.069540,-0.471103,-0.001273,-0.034398,0.042109,-0.114778
0.064384,-0.460121,0.003564,-0.045936,0.030441,-0.100455
0.062062,-0.464131,0.004087,-0.058943,0.014012,-0.080125
0.066449,-0.483057,0.000240,-0.067828,-0.002867,-0.061712
0.077553,-0.508874,-0.005938,-0.068881,-0.014005,-0.052711
0.090589,-0.531131,-0.012161,-0.061896,-0.016088,-0.056972
0.100233,-0.542500,-0.016819,-0.049240,-0.010819,-0.074038
0.105346,-0.539366,-0.019028,-0.034729,-0.001946,-0.099472
0.107835,-0.522243,-0.020128,-0.023235,0.007970,-0.124468
0.107858,-0.498623,-0.022170,-0.018302,0.016338,-0.137897
0.104080,-0.479205,-0.024476,-0.019454,0.019355,-0.134678
0.098339,-0.469854,-0.025359,-0.023649,0.014354,-0.120946
0.096529,-0.470842,-0.025795,-0.027652,0.002307,-0.105998
0.104856,-0.478776,-0.028353,-0.028361,-0.010281,-0.094398
0.123716,-0.486054,-0.032913,-0.024773,-0.012290,-0.089594
0.143509,-0.484523,-0.035669,-0.020335,0.003416,-0.093473
0.150009,-0.472416,-0.032658,-0.021352,0.030985,-0.100698
0.136295,-0.456236,-0.023827,-0.033130,0.053675,-0.105341
0.110022,-0.447153,-0.013800,-0.056427,0.055852,-0.109004
0.089067,-0.455009,-0.008667,-0.084613,0.034861,-0.114966
0.088587,-0.480291,-0.012307,-0.105260,0.003519,-0.122271
0.110161,-0.511050,-0.023902,-0.108822,-0.018664,-0.128409
0.140428,-0.532061,-0.037756,-0.096026,-0.018922,-0.128952
0.159993,-0.537493,-0.047534,-0.076132,0.000195,-0.118375
0.157298,-0.535003,-0.050492,-0.058510,0.023077,-0.098860
0.137103,-0.537099,-0.047189,-0.044742,0.032848,-0.081442
0.116483,-0.545050,-0.040066,-0.030408,0.024685,-0.076272
0.111329,-0.547172,-0.032795,-0.014533,0.008053,-0.082723
0.125984,-0.536851,-0.029089,-0.001298,-0.002629,-0.090882
0.153818,-0.518795,-0.031874,0.007221,0.004729,-0.094707
0.181395,-0.495903,-0.041565,0.011968,0.035388,-0.093997
0.192723,-0.467928,-0.053264,0.011221,0.081277,-0.088124
0.178732,-0.441888,-0.058003,0.001306,0.121826,-0.077888
0.145815,-0.429587,-0.051166,-0.017127,0.136922,-0.067412
0.111785,-0.435827,-0.038592,-0.037923,0.119847,-0.061996
0.092505,-0.455807,-0.029585,-0.053998,0.078403,-0.063498
0.093851,-0.481973,-0.028201,-0.060423,0.028012,-0.069718
0.114285,-0.506360,-0.032928,-0.055625,-0.013917,-0.079255
0.147270,-0.521363,-0.039884,-0.043177,-0.033012,-0.089025
0.179694,-0.526498,-0.046377,-0.029796,-0.024982,-0.094256
0.197071,-0.527141,-0.050812,-0.019654,0.002371,-0.099750
0.193975,-0.524049,-0.051731,-0.013274,0.034295,-0.114907
0.178058,-0.516541,-0.050285,-0.009373,0.055758,-0.135241
0.164537,-0.510079,-0.050210,-0.003775,0.060427,-0.147472
0.163053,-0.505717,-0.052680,0.008032,0.055375,-0.143804
0.168004,-0.495657,-0.053223,0.023740,0.050980,-0.120522
0.165875,-0.478961,-0.046721,0.034941,0.048367,-0.079282
0.152173,-0.467027,-0.033421,0.036470,0.040559,-0.031136
0.136768,-0.469772,-0.018617,0.031314,0.023078,0.010011
0.132290,-0.483440,-0.008766,0.026223,0.000996,0.035811
0.141009,-0.495470,-0.006996,0.024430,-0.015707,0.046188
0.154603,-0.499524,-0.011379,0.024008,-0.022196,0.045279
0.164545,-0.497980,-0.017893,0.022671,-0.020987,0.035886
0.168962,-0.493336,-0.023479,0.020585,-0.016290,0.020245
0.169547,-0.486547,-0.026706,0.018847,-0.010535,0.003531
0.167497,-0.479829,-0.027587,0.018330,-0.005204,-0.008628
0.164317,-0.474362,-0.026670,0.019413,-0.000982,-0.015195
0.161860,-0.467578,-0.024129,0.020664,0.002563,-0.017454
0.160107,-0.457529,-0.020433,0.018463,0.005381,-0.015466
0.158000,-0.447195,-0.016996,0.009719,0.005871,-0.010820
0.156619,-0.441117,-0.015574,-0.005476,0.002668,-0.007434
0.159015,-0.441644,-0.017348,-0.024240,-0.002946,-0.008132
0.166741,-0.449162,-0.021895,-0.042366,-0.006911,-0.013158
0.177445,-0.462380,-0.026991,-0.055416,-0.004904,-0.020473
0.185579,-0.477981,-0.029752,-0.060443,0.004556,-0.027277
0.185634,-0.491540,-0.027917,-0.057620,0.018457,-0.031809
0.175807,-0.500246,-0.021091,-0.049912,0.030171,-0.033436
0.159780,-0.504268,-0.011861,-0.040830,0.033230,-0.033025
0.145361,-0.504923,-0.004653,-0.032431,0.025603,-0.032017
0.139980,-0.502964,-0.002474,-0.025306,0.011346,-0.030161
0.145448,-0.498119,-0.005167,-0.019992,-0.001832,-0.026306
0.156510,-0.489502,-0.010436,-0.017886,-0.008086,-0.020032
0.164992,-0.478310,-0.015603,-0.020869,-0.007491,-0.011544
0.165499,-0.470433,-0.018758,-0.029800,-0.005289,-0.001986
0.158555,-0.473747,-0.019758,-0.042349,-0.007765,0.005819
0.150719,-0.490221,-0.020442,-0.052663,-0.017501,0.008162
0.150521,-0.512187,-0.023066,-0.054819,-0.030792,0.004205
0.161482,-0.528632,-0.028483,-0.046816,-0.039675,-0.002203
0.178775,-0.532922,-0.035514,-0.031239,-0.037472,-0.006368
0.192696,-0.524334,-0.041618,-0.013304,-0.023625,-0.006079
0.195367,-0.506463,-0.044857,0.001426,-0.004337,-0.001669
0.185684,-0.486073,-0.045497,0.009134,0.011275,0.005269
0.169793,-0.470412,-0.045331,0.008913,0.016857,0.012817
0.156718,-0.463393,-0.045946,0.002294,0.012630,0.018927
0.151754,-0.464725,-0.047612,-0.008131,0.004529,0.022185
0.153132,-0.472357,-0.048739,-0.019699,-0.000910,0.022616
0.154745,-0.484583,-0.046906,-0.029760,-0.001331,0.020894
0.151824,-0.498599,-0.041252,-0.036063,0.000829,0.016641
0.144667,-0.509321,-0.033278,-0.037945,0.001097,0.009481
0.138034,-0.512917,-0.025705,-0.036479,-0.003154,0.001704
0.136852,-0.510254,-0.021198,-0.032891,-0.010424,-0.002231
0.141929,-0.504688,-0.020955,-0.027503,-0.016528,0.000922
0.149678,-0.497683,-0.023961,-0.020776,-0.018267,0.010491
0.155090,-0.488924,-0.027632,-0.014544,-0.016057,0.022632
0.154741,-0.479444,-0.029302,-0.011091,-0.014048,0.032810
0.149785,-0.471376,-0.028546,-0.011112,-0.017062,0.037928
0.146506,-0.465684,-0.027557,-0.013390,-0.025459,0.038348
0.149989,-0.462636,-0.028169,-0.015937,-0.033585,0.036567
0.157637,-0.461492,-0.029667,-0.017277,-0.035031,0.034119
0.161611,-0.459126,-0.029781,-0.018207,-0.029223,0.031393
0.156493,-0.453945,-0.027205,-0.021953,-0.022539,0.028442
0.144450,-0.449797,-0.023040,-0.031018,-0.023089,0.024745
0.134233,-0.452161,-0.019933,-0.044524,-0.033737,0.019138
0.134279,-0.463769,-0.020490,-0.058638,-0.049533,0.011851
0.145338,-0.484879,-0.025656,-0.068182,-0.061968,0.004420
0.160896,-0.511724,-0.033227,-0.068724,-0.065563,-0.003119
0.174751,-0.534693,-0.039772,-0.059181,-0.059734,-0.010233
0.184010,-0.544636,-0.043710,-0.042798,-0.046450,-0.013248
-,-,-,-,-,-
0.002439,-0.009063,-0.000513,-0.000062,-0.000109,0.000016
0.013709,-0.052171,-0.002853,-0.000460,-0.000968,0.000087
0.036702,-0.145028,-0.007548,-0.001608,-0.004664,-0.000506
0.066473,-0.270216,-0.013632,-0.003448,-0.014382,-0.004278
0.098377,-0.392343,-0.020570,-0.005115,-0.030441,-0.012743
0.131027,-0.483455,-0.028706,-0.005689,-0.047109,-0.022619
0.160032,-0.534402,-0.037397,-0.004569,-0.056392,-0.030268
0.178153,-0.550275,-0.044232,-0.001253,-0.054802,-0.037645
0.182016,-0.540624,-0.046787,0.003803,-0.045255,-0.047709
0.174619,-0.518945,-0.045040,0.008866,-0.034356,-0.059653
0.163602,-0.502036,-0.041149,0.013802,-0.026566,-0.074347
0.156881,-0.495482,-0.036962,0.021174,-0.019482,-0.091776
0.154568,-0.489251,-0.032663,0.030304,-0.010574,-0.099113
0.148577,-0.480223,-0.027765,0.035460,-0.006120,-0.082600
0.135429,-0.478989,-0.023701,0.034371,-0.015981,-0.049613
0.124617,-0.490390,-0.023631,0.031712,-0.041312,-0.022935
0.129761,-0.507658,-0.028352,0.033331,-0.069608,-0.020307
0.153154,-0.519067,-0.035043,0.041741,-0.083296,-0.041298
0.182388,-0.512577,-0.038724,0.054068,-0.074287,-0.067842
0.201132,-0.484258,-0.035055,0.061690,-0.049279,-0.076499
0.199940,-0.447151,-0.024812,0.055728,-0.023403,-0.056496
0.181363,-0.424139,-0.013568,0.035570,-0.010355,-0.021109
0.159714,-0.425651,-0.006814,0.009799,-0.014278,0.007371
0.150281,-0.443249,-0.006338,-0.011839,-0.027229,0.021215
0.154949,-0.466236,-0.010077,-0.023962,-0.036445,0.027423
0.162165,-0.490315,-0.014532,-0.024645,-0.036180,0.033148
0.160798,-0.510590,-0.016627,-0.015373,-0.031386,0.036564
0.149638,-0.521564,-0.015627,-0.001486,-0.032577,0.031753
0.137144,-0.524400,-0.014401,0.012612,-0.047782,0.017370
0.137331,-0.519818,-0.016716,0.026407,-0.072351,-0.005710
0.157940,-0.500678,-0.023207,0.037952,-0.088853,-0.029741
0.188504,-0.467638,-0.030182,0.040958,-0.083115,-0.038369
0.207732,-0.437477,-0.032499,0.030673,-0.057240,-0.027723
0.203616,-0.425174,-0.027811,0.008812,-0.026654,-0.011513
0.182555,-0.432030,-0.018090,-0.018261,-0.006731,-0.003537
0.160889,-0.451648,-0.008020,-0.042952,-0.001860,-0.008395
0.151091,-0.475598,-0.002344,-0.058663,-0.005360,-0.021055
0.154108,-0.494802,-0.003336,-0.062616,-0.007522,-0.031044
0.161672,-0.503405,-0.009065,-0.057223,-0.003844,-0.031673
0.165305,-0.500987,-0.015309,-0.047732,0.003078,-0.024450
0.162709,-0.490316,-0.019512,-0.039180,0.007782,-0.014323
0.157045,-0.476275,-0.021665,-0.034713,0.006836,-0.004702
0.152794,-0.464856,-0.022897,-0.034684,0.000956,0.002762
0.152157,-0.459751,-0.024080,-0.037556,-0.006146,0.006509
0.153708,-0.461277,-0.025017,-0.042210,-0.011288,0.005391
0.154384,-0.469422,-0.025106,-0.048214,-0.014709,0.000020
0.153366,-0.484231,-0.024572,-0.053985,-0.018889,-0.008784
0.153460,-0.501783,-0.024461,-0.056959,-0.024700,-0.020746
0.157741,-0.515204,-0.025655,-0.055744,-0.029699,-0.033417
0.165518,-0.520736,-0.028006,-0.050523,-0.030122,-0.042508
0.172476,-0.518241,-0.030230,-0.042274,-0.024189,-0.045846
0.174108,-0.507924,-0.030884,-0.033064,-0.014056,-0.044509
0.169056,-0.491698,-0.029574,-0.026049,-0.004934,-0.040732
0.160396,-0.475784,-0.027176,-0.023622,-0.001738,-0.036433
0.153966,-0.467770,-0.025243,-0.025380,-0.005601,-0.033330
0.153734,-0.470682,-0.024902,-0.028430,-0.013067,-0.032987
0.157978,-0.481310,-0.025688,-0.029971,-0.019645,-0.038040
0.163463,-0.492598,-0.026508,-0.029140,-0.023334,-0.050979
0.171258,-0.496887,-0.027610,-0.026972,-0.023030,-0.066175
0.181985,-0.492565,-0.029898,-0.025393,-0.016847,-0.072673
0.191315,-0.485187,-0.033071,-0.025079,-0.004176,-0.069232
0.194635,-0.477958,-0.035083,-0.025146,0.012891,-0.063130
0.189728,-0.470251,-0.033687,-0.025268,0.029737,-0.058137
0.176467,-0.463287,-0.028943,-0.025946,0.040010,-0.055646
0.159274,-0.458128,-0.023202,-0.027719,0.038285,-0.058431
0.147264,-0.454617,-0.019260,-0.030999,0.024219,-0.066053
0.148450,-0.454116,-0.019199,-0.035252,0.004880,-0.074089
0.162774,-0.457565,-0.022636,-0.039052,-0.008865,-0.078324
0.180921,-0.464304,-0.026292,-0.041446,-0.010623,-0.076490
0.191971,-0.473872,-0.027268,-0.042300,-0.003190,-0.069427
0.192374,-0.485713,-0.025409,-0.042011,0.004815,-0.060869
0.186912,-0.498840,-0.022496,-0.041235,0.006514,-0.056410
0.183303,-0.511508,-0.020710,-0.039835,0.002144,-0.062474
0.185963,-0.519687,-0.021172,-0.036656,-0.002337,-0.080581
0.192760,-0.517926,-0.023093,-0.031500,-0.001663,-0.104551
0.197842,-0.504311,-0.024083,-0.026616,0.004238,-0.125342
0.197457,-0.484198,-0.021918,-0.024913,0.011350,-0.135437
0.192247,-0.466034,-0.016525,-0.027312,0.015513,-0.133323
0.185743,-0.453954,-0.009829,-0.032856,0.014644,-0.124682
0.182502,-0.446855,-0.004437,-0.040472,0.008935,-0.116267
0.186064,-0.441719,-0.002755,-0.049894,0.001277,-0.112375
0.196239,-0.435342,-0.005378,-0.062198,-0.003356,-0.117918
0.208530,-0.426251,-0.010100,-0.079736,-0.001480,-0.137702
0.217496,-0.417459,-0.014324,-0.103127,0.005357,-0.167324
0.220903,-0.414264,-0.017709,-0.128296,0.011640,-0.192057
0.220951,-0.417679,-0.021690,-0.149156,0.012158,-0.199245
0.222314,-0.423447,-0.027534,-0.162833,0.005054,-0.185585
0.228894,-0.427639,-0.035306,-0.170965,-0.007645,-0.154197
0.241416,-0.431201,-0.044138,-0.176944,-0.021379,-0.111522
0.257545,-0.439651,-0.052981,-0.182351,-0.031082,-0.065588
0.273538,-0.457308,-0.061376,-0.185178,-0.033201,-0.023072
0.285119,-0.480535,-0.068645,-0.182315,-0.027638,0.011215
0.288452,-0.500502,-0.072470,-0.173544,-0.018113,0.035443
0.281587,-0.512607,-0.070750,-0.160972,-0.010271,0.052474
0.265962,-0.516397,-0.064963,-0.146388,-0.009336,0.064522
0.247666,-0.510441,-0.059859,-0.132068,-0.018527,0.069304
0.235716,-0.496587,-0.059837,-0.121676,-0.037543,0.064054
0.237465,-0.483723,-0.066443,-0.117112,-0.060807,0.049570
0.254351,-0.480024,-0.078271,-0.115737,-0.078210,0.030285
0.280661,-0.484954,-0.092434,-0.112795,-0.080709,0.012058
0.307187,-0.491700,-0.106178,-0.105848,-0.065879,-0.000331
0.326628,-0.495943,-0.116665,-0.095679,-0.037424,-0.003989
0.334966,-0.500937,-0.121063,-0.083061,-0.001284,0.002388
0.330239,-0.512114,-0.118253,-0.066028,0.036547,0.016467
0.313334,-0.527261,-0.109411,-0.041835,0.070317,0.031714
0.289110,-0.536283,-0.097658,-0.011184,0.094955,0.042495
0.265608,-0.530730,-0.087188,0.020620,0.108108,0.047778
0.250951,-0.510479,-0.081420,0.046654,0.112736,0.048895
0.247802,-0.481844,-0.080809,0.062144,0.116312,0.047465
0.249901,-0.452552,-0.081827,0.065729,0.124939,0.047119
0.246274,-0.429888,-0.079862,0.058769,0.136993,0.052531
0.231729,-0.419806,-0.073264,0.044524,0.143537,0.063319
0.212961,-0.423935,-0.063787,0.027407,0.137856,0.072100
0.201509,-0.437883,-0.054369,0.011882,0.123911,0.071782
0.201557,-0.454140,-0.047385,0.001241,0.112087,0.063729
0.207568,-0.466881,-0.044149,-0.002534,0.108875,0.057308
0.211769,-0.472705,-0.043956,0.000659,0.113436,0.059830
0.210299,-0.470560,-0.044518,0.007438,0.121455,0.068043
0.204228,-0.463686,-0.045554,0.013200,0.128924,0.074204
0.199056,-0.456179,-0.049659,0.016162,0.132704,0.076109
0.203189,-0.448294,-0.058880,0.016519,0.132639,0.077090
0.221391,-0.439990,-0.071634,0.014010,0.135640,0.081054
0.245435,-0.435397,-0.082229,0.009217,0.151584,0.090041
0.256033,-0.438030,-0.084226,0.004686,0.180649,0.102652
0.240523,-0.443690,-0.075180,0.001925,0.208598,0.116214
0.205286,-0.446668,-0.058077,-0.001061,0.218115,0.130751
0.168347,-0.451035,-0.039472,-0.006822,0.203125,0.141490
0.146091,-0.464135,-0.026658,-0.013816,0.171078,0.138091
-,-,-,-,-,-
0.004754,-0.009281,-0.001619,0.000357,0.002294,0.000931
0.027360,-0.054515,-0.008340,0.002503,0.014708,0.005915
0.073470,-0.155482,-0.020238,0.009242,0.045638,0.018656
0.126219,-0.297595,-0.032689,0.024355,0.092429,0.038533
0.163111,-0.440389,-0.042579,0.050048,0.138083,0.056983
0.181226,-0.542854,-0.051312,0.082938,0.163524,0.063592
0.196098,-0.586370,-0.061765,0.115193,0.164918,0.057303
0.220477,-0.580269,-0.073937,0.141300,0.158217,0.047512
0.248417,-0.544493,-0.083177,0.161090,0.165831,0.047935
0.258457,-0.494697,-0.081999,0.175694,0.196976,0.068931
0.232321,-0.442685,-0.065059,0.183274,0.239698,0.107956
0.171350,-0.399426,-0.033080,0.180001,0.271981,0.151239
0.093787,-0.375131,0.008223,0.164457,0.278250,0.186241
0.020267,-0.375135,0.050123,0.139839,0.254909,0.204540
-0.033381,-0.393706,0.082941,0.111186,0.206585,0.200781
-0.056941,-0.419107,0.100126,0.081882,0.143425,0.178882
-0.049403,-0.444608,0.100729,0.054293,0.079191,0.152458
-0.019964,-0.468791,0.088542,0.031310,0.026037,0.134764
0.018077,-0.490335,0.069400,0.014875,-0.009863,0.128803
0.054412,-0.506938,0.048686,0.004895,-0.028100,0.129173
0.083633,-0.517149,0.030541,0.000439,-0.030893,0.131276
0.102248,-0.521444,0.017565,0.000827,-0.021260,0.132689
0.107862,-0.519957,0.010536,0.005175,-0.004364,0.129959
0.102155,-0.511861,0.008830,0.011287,0.012482,0.121613
0.090609,-0.500164,0.010947,0.016591,0.023372,0.111280
0.078487,-0.491864,0.014945,0.020580,0.026570,0.102761
0.068833,-0.490147,0.019097,0.024773,0.023563,0.095594
0.063370,-0.490487,0.022068,0.029910,0.016592,0.087198
0.063213,-0.485717,0.022980,0.034083,0.007832,0.076192
0.067458,-0.473360,0.022092,0.033993,-0.000416,0.063661
0.072591,-0.457139,0.020444,0.027543,-0.007259,0.051493
0.076227,-0.442348,0.018602,0.014838,-0.014358,0.040542
0.079884,-0.432805,0.016510,-0.002333,-0.023318,0.032107
0.085783,-0.431224,0.014165,-0.020892,-0.033033,0.028223
0.093502,-0.438185,0.011878,-0.037285,-0.041119,0.029199
0.101239,-0.451092,0.010053,-0.049022,-0.046092,0.033555
0.107382,-0.466467,0.009283,-0.055297,-0.047145,0.039696
0.109496,-0.482237,0.010678,-0.056308,-0.044172,0.046120
0.104866,-0.496388,0.015079,-0.052941,-0.039489,0.050545
0.094289,-0.505179,0.021759,-0.047506,-0.037943,0.050250
0.083811,-0.506081,0.028299,-0.043574,-0.043531,0.044700
0.081211,-0.501886,0.031624,-0.043471,-0.055460,0.036742
0.090466,-0.498269,0.029959,-0.046265,-0.067610,0.029942
0.108628,-0.498152,0.024394,-0.049112,-0.072489,0.026463
0.127256,-0.500771,0.018145,-0.049965,-0.066551,0.026885
0.137764,-0.504083,0.014356,-0.048714,-0.052156,0.030022
0.136182,-0.506738,0.014559,-0.046717,-0.035462,0.034143
0.123842,-0.508884,0.018211,-0.045694,-0.023704,0.037543
0.107164,-0.510776,0.022916,-0.046903,-0.022789,0.037616
0.096816,-0.512189,0.025531,-0.050660,-0.033271,0.033405
0.100971,-0.514292,0.024248,-0.055426,-0.047592,0.028016
0.116857,-0.518199,0.020244,-0.057881,-0.054659,0.025311
0.132013,-0.521515,0.016675,-0.055675,-0.049630,0.026467
0.135632,-0.520184,0.015636,-0.050070,-0.038487,0.030155
0.128575,-0.512971,0.016049,-0.044898,-0.031901,0.034181
0.121965,-0.502664,0.014482,-0.043136,-0.034763,0.037851
0.125677,-0.494447,0.008496,-0.044612,-0.042138,0.043067
0.139002,-0.492765,-0.000806,-0.046438,-0.044914,0.051995
0.152908,-0.497771,-0.009872,-0.045419,-0.038312,0.064271
0.159407,-0.504794,-0.015716,-0.040312,-0.024703,0.077698
0.157043,-0.507693,-0.017502,-0.032355,-0.009498,0.090354
0.148461,-0.502249,-0.015969,-0.024443,0.003479,0.101183
0.135972,-0.487947,-0.012334,-0.020116,0.012109,0.110496
0.121531,-0.469378,-0.008136,-0.022117,0.014534,0.119673
0.108329,-0.454848,-0.004559,-0.030678,0.010686,0.129724
0.098158,-0.452290,-0.001452,-0.043132,0.002999,0.140889
0.089930,-0.465989,0.001061,-0.055043,-0.007408,0.151700
0.085255,-0.493959,0.000895,-0.061839,-0.021801,0.159330
0.090652,-0.529446,-0.004136,-0.060124,-0.038083,0.164091
0.109169,-0.566981,-0.013463,-0.047838,-0.047716,0.170675
0.133201,-0.604284,-0.023606,-0.024104,-0.042137,0.182856
0.149234,-0.639443,-0.030476,0.009877,-0.020999,0.199794
0.148177,-0.670677,-0.031644,0.050107,0.007442,0.217633
0.130338,-0.698107,-0.027812,0.091639,0.031759,0.232296
0.105012,-0.721868,-0.022999,0.131732,0.042839,0.242294
0.086794,-0.739734,-0.021902,0.170759,0.039216,0.251482
0.086438,-0.749266,-0.026080,0.210886,0.029748,0.267573
0.101551,-0.750508,-0.032784,0.254373,0.028545,0.296801
0.116873,-0.746865,-0.037408,0.302549,0.044333,0.336853
0.115864,-0.741357,-0.036174,0.355025,0.073443,0.372142
0.093451,-0.731415,-0.027036,0.407867,0.103068,0.384831
0.056715,-0.716147,-0.011388,0.455196,0.120215,0.374214
0.017591,-0.702600,0.005158,0.495649,0.118752,0.350201
-0.011860,-0.693262,0.017303,0.533367,0.103173,0.310851
-0.024691,-0.678117,0.024663,0.571249,0.085713,0.250338
-0.024771,-0.647236,0.029739,0.607056,0.076210,0.177555
-0.022699,-0.600629,0.034334,0.636309,0.074389,0.105399
-0.022969,-0.540926,0.039651,0.655528,0.073127,0.037639
-0.020222,-0.468234,0.047602,0.661423,0.068733,-0.022049
-0.010253,-0.388265,0.060504,0.649653,0.065535,-0.062569
0.000884,-0.318117,0.079570,0.618281,0.069912,-0.075633
0.001316,-0.277337,0.104072,0.572730,0.081776,-0.064857
-0.014215,-0.273365,0.130818,0.524187,0.093051,-0.041503
-0.037903,-0.298348,0.154340,0.483273,0.094675,-0.015045
-0.055995,-0.338533,0.169948,0.456916,0.083946,0.011141
-0.060021,-0.381999,0.177413,0.448365,0.064421,0.034914
-0.049203,-0.417538,0.179992,0.455924,0.042057,0.053146
-0.026153,-0.434107,0.180557,0.471685,0.024202,0.065945
0.003700,-0.426348,0.181471,0.483945,0.018258,0.078459
0.029035,-0.400366,0.185917,0.483014,0.025681,0.096271
0.038333,-0.370353,0.195102,0.465570,0.038229,0.115716
0.032846,-0.347448,0.205652,0.433781,0.044225,0.125369
0.026240,-0.336609,0.212888,0.393247,0.040230,0.120167
0.028472,-0.337809,0.216919,0.351042,0.035133,0.105720
0.034817,-0.346572,0.223036,0.311646,0.039928,0.093526
0.031162,-0.361488,0.235933,0.276953,0.055019,0.094596
0.007114,-0.385838,0.256414,0.250823,0.068914,0.111921
-0.035120,-0.418070,0.282207,0.238364,0.066376,0.138929
-0.081555,-0.450667,0.307917,0.240538,0.038168,0.165968
-0.114161,-0.478632,0.325127,0.254449,-0.013362,0.185464
-0.119536,-0.498591,0.327754,0.277814,-0.074838,0.192470
-0.096508,-0.502559,0.317472,0.307561,-0.127491,0.187528
-0.058334,-0.483950,0.301509,0.336050,-0.157072,0.177129
-0.023809,-0.446386,0.287176,0.353332,-0.162672,0.167643
-0.003455,-0.399329,0.279255,0.351536,-0.154558,0.158676
0.005073,-0.353758,0.278812,0.328972,-0.143054,0.149097
0.008338,-0.323061,0.283892,0.293497,-0.130967,0.143855
0.007708,-0.310886,0.293304,0.255843,-0.116217,0.143484
0.000971,-0.304187,0.306689,0.217531,-0.099385,0.141076
-0.010878,-0.292738,0.320648,0.172326,-0.085054,0.133431
-0.022635,-0.282166,0.329711,0.118104,-0.076419,0.122311
-0.028761,-0.281963,0.331185,0.061295,-0.072252,0.107744
-0.026362,-0.293251,0.326338,0.011424,-0.068630,0.088784
-0.016353,-0.310096,0.318053,-0.025831,-0.061304,0.066745
-0.003148,-0.326708,0.309232,-0.050671,-0.047404,0.045520
0.007036,-0.341770,0.302782,-0.066003,-0.026878,0.030093
0.008669,-0.356518,0.301071,-0.073922,-0.002937,0.022531
0.000005,-0.370222,0.304360,-0.075493,0.018721,0.020754
-,-,-,-,-,-
-0.000442,-0.007286,0.005563,-0.001091,0.000016,0.000515
-0.002302,-0.042200,0.031856,-0.005908,0.000316,0.002700
-0.005674,-0.117187,0.088016,-0.015013,0.002071,0.006406
-0.009892,-0.216088,0.163540,-0.025038,0.007200,0.009715
-0.016084,-0.309012,0.238607,-0.032394,0.015827,0.011658
-0.026126,-0.375783,0.297090,-0.035810,0.023911,0.012225
-0.037469,-0.410847,0.330915,-0.036024,0.025959,0.010552
-0.043240,-0.418335,0.340719,-0.035335,0.020981,0.006599
-0.039904,-0.408411,0.333358,-0.036335,0.013737,0.002096
-0.031770,-0.392926,0.318387,-0.040269,0.009718,-0.001305
-0.026762,-0.380705,0.305102,-0.046659,0.010157,-0.002486
-0.029277,-0.376160,0.299081,-0.053706,0.012009,-0.001442
-0.037045,-0.378744,0.300682,-0.058952,0.012304,0.000396
-0.044982,-0.384000,0.307482,-0.060763,0.011298,0.002809
-0.051121,-0.388279,0.316720,-0.059241,0.010352,0.007730
-0.056429,-0.391103,0.325832,-0.055459,0.008716,0.015886
-0.060312,-0.392415,0.332575,-0.051122,0.004683,0.025075
-0.059740,-0.392101,0.335134,-0.048555,-0.001348,0.033507
-0.053144,-0.392948,0.332494,-0.048745,-0.006346,0.041362
-0.042908,-0.397287,0.325798,-0.050746,-0.006748,0.046288
-0.033253,-0.401439,0.318776,-0.054734,-0.001107,0.044098
-0.028547,-0.401614,0.314769,-0.062687,0.008602,0.035981
-0.032059,-0.400936,0.314438,-0.074648,0.017600,0.026583
-0.042193,-0.404271,0.316931,-0.087234,0.021312,0.017569
-0.052765,-0.412876,0.320788,-0.096290,0.019076,0.009191
-0.059208,-0.426692,0.324304,-0.098706,0.014112,0.002525
-0.061645,-0.444188,0.326562,-0.092459,0.009981,-0.002608
-0.062215,-0.458959,0.327385,-0.077946,0.008005,-0.007330
-0.062338,-0.463298,0.326359,-0.059165,0.007062,-0.010907
-0.061823,-0.455157,0.322824,-0.041649,0.005070,-0.011200
-0.058804,-0.438324,0.316838,-0.029304,0.001587,-0.006981
-0.051871,-0.417608,0.309753,-0.023757,-0.000849,0.000921
-0.043311,-0.396042,0.303630,-0.025993,0.000570,0.010247
-0.037706,-0.377279,0.299632,-0.036792,0.004727,0.018787
-0.035691,-0.367377,0.296938,-0.054624,0.007856,0.024419
-0.032715,-0.370514,0.293804,-0.074611,0.009787,0.025410
-0.026800,-0.384726,0.290044,-0.090914,0.015451,0.021545
-0.023806,-0.402979,0.287795,-0.100223,0.028354,0.013842
-0.031888,-0.417569,0.289253,-0.103315,0.044412,0.003881
-0.052163,-0.424145,0.294346,-0.103837,0.054013,-0.006689
-0.076302,-0.422983,0.300735,-0.105670,0.050350,-0.016597
-0.093419,-0.418239,0.305115,-0.110614,0.034935,-0.024559
-0.098210,-0.415119,0.304987,-0.117564,0.015278,-0.029217
-0.092415,-0.415868,0.300560,-0.123642,-0.000674,-0.029768
-0.081862,-0.419016,0.294500,-0.126290,-0.007977,-0.026147
-0.073549,-0.422155,0.289607,-0.124664,-0.005909,-0.018900
-0.071460,-0.423398,0.286687,-0.119873,0.002370,-0.009207
-0.073814,-0.422011,0.284009,-0.114078,0.012435,0.001219
-0.077302,-0.419952,0.279947,-0.108609,0.021331,0.010075
-0.081086,-0.417930,0.275339,-0.103622,0.028081,0.014345
-0.085936,-0.411209,0.272063,-0.100820,0.033236,0.012917
-0.094570,-0.396863,0.271195,-0.104525,0.036990,0.008607
-0.110072,-0.380653,0.272600,-0.118033,0.036325,0.004281
-0.130263,-0.371159,0.274959,-0.140304,0.026699,-0.000549
-0.147715,-0.371349,0.276387,-0.167111,0.007258,-0.007549
-0.156386,-0.378138,0.275474,-0.194180,-0.017960,-0.016287
-0.155364,-0.387355,0.272011,-0.218375,-0.042994,-0.024419
-0.147567,-0.396395,0.266882,-0.237057,-0.062933,-0.030225
-0.137121,-0.403226,0.261228,-0.248351,-0.075403,-0.033553
-0.127671,-0.406232,0.256356,-0.252276,-0.079929,-0.035253
-0.123517,-0.404929,0.254361,-0.250500,-0.077115,-0.035192
-0.131802,-0.400072,0.257492,-0.245388,-0.071354,-0.029838
-0.157851,-0.394080,0.265654,-0.239474,-0.074215,-0.015724
-0.194156,-0.389705,0.274829,-0.234704,-0.099781,0.005651
-0.219654,-0.388401,0.278901,-0.232139,-0.152389,0.030840
-0.214732,-0.392694,0.272247,-0.231780,-0.220173,0.059107
-0.174139,-0.406663,0.252160,-0.231850,-0.281639,0.090627
-0.107664,-0.430778,0.221669,-0.229543,-0.316370,0.121103
-0.035875,-0.458934,0.189750,-0.223476,-0.312493,0.142033
0.016517,-0.483113,0.167330,-0.215111,-0.272899,0.147546
0.033297,-0.500265,0.160970,-0.206978,-0.216319,0.137660
0.017632,-0.512658,0.169307,-0.199366,-0.166300,0.115947
-0.012463,-0.522321,0.185862,-0.189287,-0.135530,0.087047
-0.040677,-0.527379,0.204529,-0.172856,-0.122082,0.056538
-0.062219,-0.523797,0.221573,-0.149254,-0.119954,0.030179
-0.077428,-0.509936,0.233987,-0.122350,-0.127952,0.011437
-0.081916,-0.489647,0.239375,-0.097974,-0.146245,0.001683
-0.069697,-0.470807,0.237703,-0.080402,-0.168944,0.000584
-0.042688,-0.460675,0.230541,-0.070783,-0.186227,0.005986
-0.009027,-0.462324,0.218786,-0.067080,-0.193190,0.015700
0.025955,-0.473199,0.203267,-0.065740,-0.189996,0.026701
0.058992,-0.486391,0.188017,-0.063859,-0.174674,0.034726
0.080931,-0.494986,0.180716,-0.060408,-0.145107,0.037375
0.079927,-0.496414,0.186854,-0.057069,-0.106975,0.031972
0.056695,-0.492621,0.204104,-0.056125,-0.073986,0.015629
0.029367,-0.487074,0.224143,-0.056327,-0.059339,-0.005755
0.016225,-0.483563,0.239183,-0.054113,-0.062723,-0.022127
0.017607,-0.483913,0.246877,-0.047726,-0.070744,-0.031955
0.020760,-0.485157,0.249577,-0.038340,-0.074337,-0.038733
0.017912,-0.483725,0.249866,-0.029307,-0.075710,-0.043252
0.012729,-0.480886,0.248316,-0.023654,-0.079357,-0.044218
0.012212,-0.480372,0.244084,-0.021721,-0.085131,-0.042258
0.019721,-0.483008,0.236204,-0.021696,-0.089010,-0.040066
0.034209,-0.486518,0.225054,-0.021756,-0.086333,-0.038408
0.050469,-0.489424,0.212877,-0.021318,-0.074578,-0.036368
0.061137,-0.492176,0.202973,-0.020527,-0.055053,-0.034455
0.061059,-0.494728,0.198113,-0.019515,-0.032216,-0.033538
0.050226,-0.496102,0.198816,-0.018160,-0.011190,-0.031899
0.032491,-0.496284,0.203636,-0.015955,0.004327,-0.026429
0.012056,-0.495979,0.211434,-0.012304,0.012702,-0.017696
-0.007779,-0.494501,0.221682,-0.007075,0.013988,-0.010108
-0.023948,-0.489886,0.232679,-0.000928,0.009093,-0.006678
-0.033191,-0.481077,0.241018,0.004721,-0.000416,-0.006955
-0.033057,-0.469355,0.243047,0.008237,-0.011865,-0.008455
-0.023474,-0.457540,0.237324,0.008433,-0.021769,-0.008862
-0.006837,-0.448031,0.226010,0.004820,-0.026354,-0.007429
0.011725,-0.442471,0.213824,-0.002198,-0.022490,-0.004579
0.024917,-0.441963,0.205222,-0.011250,-0.010264,-0.001341
0.027810,-0.446662,0.202044,-0.020614,0.005459,0.000961
0.022021,-0.456013,0.203319,-0.028519,0.018303,0.001069
0.013337,-0.468932,0.207053,-0.032809,0.025772,-0.001428
0.005007,-0.483208,0.212642,-0.031451,0.030065,-0.005480
-0.004846,-0.495050,0.221143,-0.024153,0.033602,-0.010036
-0.018805,-0.500714,0.232561,-0.013244,0.034970,-0.014746
-0.034541,-0.499758,0.243892,-0.002169,0.030279,-0.019060
-0.044897,-0.494718,0.251042,0.006995,0.018745,-0.022831
-0.044548,-0.487116,0.252132,0.013710,0.005029,-0.026243
-0.035137,-0.476854,0.248191,0.017389,-0.004995,-0.028909
-0.022721,-0.464972,0.241999,0.017151,-0.008788,-0.030421
-0.012887,-0.454524,0.236836,0.012977,-0.007364,-0.030545
-0.008459,-0.448370,0.234502,0.006254,-0.003518,-0.029562
-0.008770,-0.446897,0.234404,-0.001114,-0.000018,-0.028649
-0.010869,-0.449012,0.235071,-0.007829,0.001945,-0.028614
-0.012305,-0.454280,0.235567,-0.013157,0.002941,-0.029344
-0.012578,-0.462446,0.235592,-0.016334,0.004188,-0.030964
-0.012441,-0.471486,0.235252,-0.016956,0.006348,-0.033726
-0.012752,-0.478517,0.234657,-0.015847,0.008992,-0.036852
-0.013921,-0.482806,0.233800,-0.014368,0.011254,-0.039579
-,-,-,-,-,-
-0.000636,-0.008555,0.004293,-0.000023,0.000178,-0.000662
-,-,-,-,-,-
0.000493,-0.009286,0.000175,-0.000379,-0.004361,0.000792
0.003867,-0.053496,0.000685,-0.002017,-0.024923,0.004545
0.014441,-0.148267,0.001076,-0.004783,-0.067555,0.013375
0.033832,-0.274604,0.000934,-0.006660,-0.119726,0.028872
0.055037,-0.396471,0.001416,-0.005987,-0.161622,0.051284
0.064593,-0.486949,0.004225,-0.003600,-0.184497,0.076176
0.055257,-0.536312,0.008419,-0.002064,-0.196388,0.096034
0.036616,-0.548374,0.010275,-0.004180,-0.210964,0.105874
0.028472,-0.535980,0.005933,-0.011419,-0.231157,0.108117
0.042329,-0.517278,-0.005565,-0.021793,-0.246200,0.111296
0.071138,-0.506024,-0.019561,-0.030563,-0.241695,0.118298
0.094979,-0.504099,-0.027970,-0.034166,-0.212228,0.125070
0.095691,-0.507036,-0.025227,-0.032615,-0.167839,0.130262
0.068879,-0.512710,-0.011548,-0.027679,-0.127882,0.134289
0.025179,-0.520765,0.007477,-0.019972,-0.109818,0.135727
-0.015541,-0.528321,0.023719,-0.009598,-0.121029,0.132309
-0.033352,-0.531584,0.030716,0.002218,-0.153102,0.123855
-0.020532,-0.529950,0.027084,0.014214,-0.184641,0.114609
0.012635,-0.525536,0.016822,0.025881,-0.194824,0.109228
0.045438,-0.519952,0.006268,0.036268,-0.176618,0.108112
0.061376,-0.513198,-0.000123,0.043272,-0.139681,0.107317
0.059323,-0.504972,-0.002430,0.044768,-0.101135,0.101912
0.051563,-0.496161,-0.003745,0.040595,-0.071748,0.090967
0.049778,-0.488625,-0.005649,0.033377,-0.049770,0.078557
0.053704,-0.483286,-0.006088,0.026873,-0.027309,0.070011
0.053479,-0.478881,-0.001640,0.023026,-0.001010,0.068049
0.040071,-0.473473,0.009199,0.020532,0.023945,0.071884
0.012535,-0.467746,0.024532,0.016288,0.037730,0.078468
-0.021153,-0.465387,0.039933,0.008469,0.033005,0.083522
-0.048852,-0.469383,0.051129,-0.001810,0.010505,0.083351
-0.062003,-0.479431,0.056297,-0.011659,-0.021379,0.077005
-0.059904,-0.492991,0.056039,-0.018389,-0.052594,0.065731
-0.046760,-0.506616,0.051899,-0.020598,-0.076577,0.051384
-0.026593,-0.516798,0.045158,-0.018482,-0.090232,0.036911
-0.002224,-0.521815,0.036532,-0.013369,-0.091726,0.026106
0.022788,-0.521981,0.026743,-0.006968,-0.079937,0.021121
0.042842,-0.518467,0.017593,-0.001072,-0.055870,0.021509
0.051096,-0.513066,0.012258,0.002537,-0.024611,0.025425
0.042863,-0.507894,0.013288,0.002426,0.004889,0.030008
0.019352,-0.504684,0.020278,-0.001873,0.022883,0.031665
-0.011407,-0.504080,0.030310,-0.009540,0.022635,0.028065
-0.036886,-0.505739,0.039598,-0.018647,0.003921,0.019758
-0.045291,-0.509229,0.044482,-0.026386,-0.025339,0.009794
-0.031804,-0.514018,0.042729,-0.029747,-0.051456,0.002332
-0.002357,-0.519040,0.035411,-0.026780,-0.060898,0.000743
0.027638,-0.522212,0.027297,-0.017733,-0.047741,0.005141
0.041546,-0.520347,0.023611,-0.005720,-0.018748,0.011893
0.033477,-0.511547,0.025812,0.003984,0.009790,0.016653
0.012918,-0.498443,0.030833,0.006801,0.023586,0.017542
-0.003819,-0.487707,0.034246,0.002018,0.020735,0.015835
-0.006999,-0.485644,0.033998,-0.006720,0.011362,0.014485
0.000171,-0.493944,0.031301,-0.014089,0.007493,0.015720
0.006863,-0.508738,0.028954,-0.016581,0.013002,0.018758
0.006053,-0.523104,0.028980,-0.014170,0.022424,0.020049
0.000305,-0.531556,0.030722,-0.009291,0.028313,0.017362
-0.002802,-0.532986,0.031573,-0.004258,0.029004,0.011625
0.000817,-0.528782,0.030032,0.000056,0.029266,0.005102
0.007578,-0.520005,0.027136,0.003141,0.034088,0.000313
0.010020,-0.507699,0.025188,0.003699,0.042830,-0.001159
0.004207,-0.494432,0.025884,0.000067,0.049771,0.000298
-0.007068,-0.484710,0.029124,-0.008077,0.049510,0.004040
-0.017604,-0.483046,0.033296,-0.018529,0.041353,0.009775
-0.023157,-0.490543,0.036829,-0.027525,0.029323,0.014390
-0.023286,-0.502724,0.039236,-0.031855,0.018536,0.014463
-0.019935,-0.512350,0.040723,-0.030874,0.011851,0.011650
-0.015814,-0.515824,0.041476,-0.026708,0.009393,0.009568
-0.012943,-0.514760,0.041603,-0.022027,0.009958,0.009426
-0.012255,-0.511927,0.041487,-0.018417,0.012347,0.010660
-0.014236,-0.509101,0.041658,-0.016595,0.015100,0.012378
-0.018254,-0.507671,0.042056,-0.016664,0.016249,0.013566
-0.021937,-0.508469,0.041751,-0.018057,0.014904,0.013280
-0.023033,-0.511279,0.039855,-0.019702,0.012195,0.011319
-0.021329,-0.514777,0.036771,-0.020448,0.009986,0.008237
-0.018094,-0.516664,0.033986,-0.019794,0.009433,0.004856
-0.014710,-0.514865,0.032558,-0.018471,0.010658,0.001781
-0.012225,-0.509159,0.032478,-0.018089,0.012963,-0.000964
-0.011262,-0.501759,0.033347,-0.019906,0.015417,-0.003409
-0.012162,-0.496132,0.034875,-0.023724,0.017261,-0.005019
-0.015088,-0.494351,0.036773,-0.028123,0.017538,-0.005289
-0.019166,-0.495702,0.038396,-0.031800,0.014996,-0.004464
-0.021780,-0.498030,0.038699,-0.034355,0.009398,-0.003389
-0.020266,-0.499793,0.037119,-0.035923,0.003027,-0.002485
-0.015311,-0.501013,0.034580,-0.036650,-0.000505,-0.001113
-0.011685,-0.502510,0.033057,-0.036642,-0.000177,0.000900
-0.013451,-0.504215,0.033738,-0.036218,0.000445,0.001967
-0.018666,-0.505346,0.035816,-0.036055,-0.003211,0.000707
-0.021034,-0.506665,0.037354,-0.036463,-0.011326,-0.002021
-0.016299,-0.510024,0.036904,-0.036255,-0.019039,-0.004654
-0.005419,-0.514718,0.034415,-0.033570,-0.020669,-0.006324
0.006916,-0.517782,0.031159,-0.028033,-0.013781,-0.005848
0.015535,-0.517862,0.028769,-0.021056,-0.000286,-0.002340
0.017833,-0.515794,0.028239,-0.014538,0.015250,0.003226
0.014543,-0.512887,0.029358,-0.009939,0.028459,0.008814
0.008448,-0.510188,0.030899,-0.007777,0.036883,0.012626
0.003270,-0.508227,0.031749,-0.007594,0.040412,0.013926
0.002046,-0.507590,0.031700,-0.008324,0.041610,0.013792
0.004451,-0.509181,0.031082,-0.008620,0.044507,0.014064
0.006408,-0.512885,0.030592,-0.007547,0.051260,0.015608
0.003269,-0.517284,0.031363,-0.005235,0.060288,0.017889
-0.007391,-0.520392,0.034112,-0.002664,0.067491,0.019308
-0.025301,-0.520230,0.038502,-0.001389,0.067507,0.018397
-0.046050,-0.516823,0.043228,-0.003148,0.055239,0.014473
-0.060193,-0.513132,0.046117,-0.008355,0.030520,0.007533
-0.058958,-0.512230,0.045278,-0.014966,0.001518,-0.000958
-0.042645,-0.514003,0.040867,-0.019656,-0.019358,-0.008491
-0.021481,-0.515180,0.035409,-0.020444,-0.024546,-0.013231
-0.007612,-0.512496,0.031908,-0.018303,-0.016958,-0.014565
-0.005707,-0.505563,0.031228,-0.016149,-0.006808,-0.013087
-0.010082,-0.496879,0.031648,-0.016342,-0.002416,-0.010112
-0.011246,-0.490136,0.031014,-0.018999,-0.003631,-0.006027
-0.005548,-0.488314,0.028773,-0.022212,-0.003849,-0.000224
0.002000,-0.492029,0.026277,-0.023798,0.002311,0.007079
0.003357,-0.499676,0.025623,-0.023011,0.013704,0.014273
-0.005023,-0.509259,0.027722,-0.020601,0.023917,0.018788
-0.019218,-0.519078,0.031224,-0.017531,0.026896,0.018181
-0.031628,-0.526977,0.033797,-0.014206,0.021615,0.012483
-0.037698,-0.530823,0.034275,-0.010908,0.011658,0.004613
-0.038189,-0.530424,0.033172,-0.008177,0.000998,-0.002352
-0.035568,-0.527603,0.031570,-0.006277,-0.008528,-0.007098
-0.030859,-0.523662,0.030129,-0.004845,-0.015995,-0.009594
-0.024702,-0.518082,0.029234,-0.003602,-0.020141,-0.010106
-0.018867,-0.510417,0.029239,-0.002968,-0.020663,-0.008982
-0.014841,-0.501867,0.030021,-0.003545,-0.019008,-0.006872
-0.012152,-0.494404,0.030853,-0.005377,-0.016556,-0.004166
-0.009605,-0.489656,0.031167,-0.007964,-0.013162,-0.000791
-0.007369,-0.488503,0.031371,-0.010658,-0.008066,0.002760
-0.007041,-0.490753,0.032381,-0.012960,-0.001387,0.005370
-0.010406,-0.495107,0.034634,-0.014705,0.005259,0.006094
-,-,-,-,-,-
-0.000842,-0.009087,0.000954,-0.000548,-0.000645,-0.000131
-0.004360,-0.052733,0.005378,-0.003114,-0.003876,-0.000885
-0.010130,-0.147287,0.014338,-0.008293,-0.010968,-0.002831
-0.013968,-0.274797,0.024997,-0.014208,-0.019753,-0.005857
-0.012265,-0.399170,0.033322,-0.018155,-0.025378,-0.008858
-0.006240,-0.492313,0.037643,-0.019023,-0.023844,-0.010245
-0.001235,-0.544006,0.039201,-0.017694,-0.015213,-0.009271
-0.002025,-0.559880,0.040120,-0.015823,-0.003904,-0.006947
-0.008717,-0.553591,0.041389,-0.014458,0.004650,-0.004797
-0.017618,-0.539248,0.042958,-0.013388,0.007935,-0.003294
-0.025586,-0.526289,0.044665,-0.011605,0.006836,-0.002405
-0.032036,-0.517228,0.046270,-0.008883,0.002431,-0.002686
-0.036400,-0.509880,0.047241,-0.006776,-0.005830,-0.004842
-0.035942,-0.502502,0.046892,-0.007290,-0.017525,-0.008481
-0.028238,-0.496051,0.044648,-0.010735,-0.028675,-0.012052
-0.014984,-0.491706,0.040739,-0.015612,-0.033891,-0.014008
-0.001523,-0.489187,0.036597,-0.020342,-0.030996,-0.013443
0.007484,-0.488312,0.033729,-0.024223,-0.022308,-0.010340
0.010862,-0.489710,0.032535,-0.026999,-0.011455,-0.005604
0.009552,-0.493861,0.032719,-0.028381,-0.000488,-0.000491
0.004144,-0.500170,0.034146,-0.028103,0.009548,0.003516
-0.005028,-0.506433,0.036717,-0.026394,0.016743,0.004913
-0.016230,-0.510118,0.039777,-0.024320,0.018699,0.003494
-0.026544,-0.510649,0.042479,-0.023058,0.014810,0.000976
-0.034288,-0.509335,0.044625,-0.022851,0.007059,-0.000581
-0.040353,-0.507090,0.046608,-0.023310,-0.001854,-0.000468
-0.046760,-0.503859,0.048809,-0.024456,-0.010945,0.001201
-0.054115,-0.500072,0.050964,-0.026748,-0.021285,0.004044
-0.060109,-0.496839,0.051855,-0.030381,-0.033797,0.007046
-0.060786,-0.495275,0.050151,-0.034866,-0.046800,0.009417
-0.054471,-0.496473,0.045728,-0.038982,-0.056034,0.011510
-0.044664,-0.500716,0.040139,-0.041206,-0.057511,0.014153
-0.038741,-0.506576,0.036072,-0.040530,-0.050513,0.017966
-0.044597,-0.511868,0.036789,-0.036917,-0.038674,0.024134
-0.067784,-0.514624,0.044497,-0.031244,-0.030324,0.034063
-0.106732,-0.511962,0.057265,-0.025687,-0.037318,0.046219
-0.147966,-0.500730,0.069050,-0.024174,-0.068484,0.056161
-0.171387,-0.482545,0.073689,-0.030430,-0.120236,0.061364
-0.165410,-0.465758,0.068592,-0.044368,-0.174871,0.062573
-0.136883,-0.458999,0.056367,-0.061522,-0.211504,0.061057
-0.106170,-0.464290,0.043333,-0.076559,-0.220961,0.057293
-0.092091,-0.477212,0.035233,-0.086764,-0.211177,0.051152
-0.099491,-0.491388,0.034003,-0.092330,-0.199063,0.043228
-0.119267,-0.501996,0.037266,-0.094545,-0.198474,0.035436
-0.136117,-0.506340,0.039140,-0.094934,-0.214674,0.028832
-0.134282,-0.504410,0.033149,-0.095485,-0.243041,0.023316
-0.105087,-0.500773,0.017596,-0.097038,-0.267788,0.020143
-0.058173,-0.501318,-0.001417,-0.097146,-0.268873,0.021335
-0.020075,-0.505082,-0.014007,-0.092669,-0.239670,0.026066
-0.013236,-0.503701,-0.014640,-0.085232,-0.196663,0.030916
-0.036177,-0.492581,-0.006126,-0.081121,-0.166431,0.033047
-0.066351,-0.478581,0.003952,-0.084411,-0.163195,0.031100
-0.081772,-0.471956,0.010247,-0.092505,-0.179773,0.026786
-0.078918,-0.475574,0.013607,-0.099394,-0.197664,0.024853
-0.071256,-0.485079,0.018142,-0.101105,-0.204821,0.027933
-0.073076,-0.494227,0.025522,-0.097800,-0.204680,0.033416
-0.085571,-0.499331,0.033360,-0.092484,-0.209416,0.036382
-0.096903,-0.501521,0.037028,-0.088087,-0.226900,0.033948
-0.092754,-0.504457,0.031826,-0.085166,-0.253871,0.026127
-0.066247,-0.510156,0.016125,-0.081920,-0.277853,0.015652
-0.022246,-0.517893,-0.005800,-0.076027,-0.284140,0.007754
0.023714,-0.525952,-0.024708,-0.066255,-0.263458,0.006852
0.051942,-0.532318,-0.031411,-0.052800,-0.217105,0.014088
0.048199,-0.533841,-0.022134,-0.037351,-0.159045,0.026952
0.012640,-0.527774,-0.001212,-0.023306,-0.112237,0.038624
-0.036510,-0.514501,0.020742,-0.014915,-0.096268,0.041222
-0.071877,-0.497941,0.034114,-0.015008,-0.113400,0.032502
-0.075689,-0.483613,0.035813,-0.023301,-0.146720,0.016931
-0.050438,-0.475762,0.028156,-0.037290,-0.173056,-0.000368
-0.012908,-0.476416,0.016137,-0.053868,-0.177657,-0.016514
0.017341,-0.486090,0.005518,-0.069172,-0.160131,-0.028314
0.026535,-0.502805,0.000705,-0.078884,-0.131681,-0.033016
0.012076,-0.520833,0.003357,-0.080578,-0.107625,-0.031296
-0.017612,-0.533334,0.012063,-0.075168,-0.100018,-0.025316
-0.048674,-0.537208,0.022639,-0.065643,-0.113323,-0.015991
-0.067872,-0.535014,0.029775,-0.054504,-0.143340,-0.004142
-0.067801,-0.531834,0.030160,-0.042251,-0.178515,0.008109
-0.051581,-0.529291,0.024555,-0.028695,-0.205327,0.017413
-0.030724,-0.524185,0.016042,-0.015592,-0.217155,0.020357
-0.014922,-0.513514,0.007119,-0.006734,-0.217206,0.015481
-0.005823,-0.498083,-0.000545,-0.005612,-0.212143,0.004671
-0.000162,-0.482407,-0.005864,-0.013571,-0.206291,-0.007510
0.006707,-0.473637,-0.009356,-0.028705,-0.200803,-0.016667
0.019366,-0.478644,-0.012423,-0.045485,-0.192835,-0.020849
0.037424,-0.498750,-0.014373,-0.056654,-0.176076,-0.020393
0.052446,-0.527383,-0.012366,-0.057122,-0.147684,-0.016708
0.055401,-0.555306,-0.005613,-0.046339,-0.114333,-0.012011
0.046716,-0.576075,0.003198,-0.026602,-0.086777,-0.009351
0.034756,-0.584563,0.010900,-0.000876,-0.069943,-0.010692
0.026195,-0.575559,0.015504,0.026166,-0.061882,-0.015477
0.022526,-0.548137,0.016327,0.047175,-0.059092,-0.021818
0.023110,-0.510381,0.014399,0.055148,-0.058975,-0.027904
0.026773,-0.476859,0.011876,0.047987,-0.059065,-0.033136
0.031390,-0.459788,0.010874,0.029626,-0.056726,-0.038244
0.033274,-0.463533,0.013428,0.007424,-0.050378,-0.043582
0.027573,-0.485300,0.021418,-0.011055,-0.041439,-0.048749
0.011939,-0.517133,0.034747,-0.020347,-0.034842,-0.053850
-0.009530,-0.548141,0.050244,-0.018516,-0.036078,-0.059326
-0.028339,-0.568242,0.063465,-0.007349,-0.046275,-0.065116
-0.038598,-0.572117,0.071711,0.008962,-0.061001,-0.070698
-0.040653,-0.560181,0.074774,0.025516,-0.075070,-0.075248
-0.037154,-0.536630,0.072786,0.037600,-0.087095,-0.077987
-0.027701,-0.508171,0.065271,0.041686,-0.097612,-0.077907
-0.010343,-0.483199,0.053010,0.036971,-0.104318,-0.073351
0.012479,-0.468616,0.039013,0.025747,-0.102379,-0.064058
0.033407,-0.465915,0.026879,0.011647,-0.089643,-0.052919
0.045831,-0.471765,0.019013,-0.002721,-0.069306,-0.044122
0.048017,-0.482699,0.016066,-0.016122,-0.047141,-0.040789
0.042300,-0.496896,0.017667,-0.027208,-0.027051,-0.043683
0.031339,-0.512022,0.023525,-0.034154,-0.009740,-0.050948
0.015798,-0.524362,0.032953,-0.035918,0.004301,-0.059732
-0.003685,-0.530445,0.043900,-0.033180,0.012158,-0.067387
-0.023322,-0.529164,0.053259,-0.028085,0.010481,-0.071833
-0.036734,-0.522450,0.058143,-0.023103,-0.000517,-0.072165
-0.039396,-0.513978,0.057509,-0.020014,-0.016389,-0.068710
-0.031733,-0.507384,0.051969,-0.019645,-0.031736,-0.063606
-0.016893,-0.504436,0.042238,-0.021954,-0.043013,-0.060492
0.002676,-0.504758,0.029303,-0.026041,-0.048084,-0.061333
0.024872,-0.507606,0.015400,-0.029989,-0.044678,-0.065359
0.046014,-0.511509,0.003469,-0.031546,-0.030801,-0.071622
0.060518,-0.512900,-0.004182,-0.029913,-0.007145,-0.079607
0.063164,-0.508298,-0.006740,-0.026551,0.021134,-0.087796
0.053074,-0.497577,-0.005138,-0.024259,0.046331,-0.094073
0.034340,-0.484706,-0.000711,-0.025655,0.063175,-0.097152
0.011527,-0.476472,0.006827,-0.031841,0.070765,-0.096117
-0.012593,-0.480612,0.017745,-0.041659,0.068794,-0.090468
-0.032963,-0.503075,0.028902,-0.051356,0.055640,-0.082736
-0.040297,-0.543254,0.035048,-0.055184,0.033228,-0.078084
-,-,-,-,-,-
0.001169,-0.011904,-0.000057,0.000984,0.001206,-0.001678
0.005948,-0.068936,-0.000024,0.005790,0.007103,-0.009698
0.013655,-0.193542,0.000850,0.016824,0.019530,-0.027199
0.019662,-0.367018,0.002969,0.034481,0.034201,-0.052445
0.021681,-0.547346,0.005046,0.059005,0.043955,-0.082374
0.022200,-0.696348,0.005007,0.090836,0.045180,-0.113614
0.024810,-0.794407,0.001972,0.129659,0.039921,-0.140247
0.030329,-0.844048,-0.003253,0.175381,0.033769,-0.155912
0.035158,-0.859172,-0.008977,0.228831,0.031121,-0.157857
0.034412,-0.852013,-0.013976,0.289787,0.030542,-0.148364
0.028699,-0.828680,-0.018637,0.354538,0.026060,-0.134860
0.025998,-0.791470,-0.024155,0.416594,0.015006,-0.126920
0.033791,-0.742699,-0.030005,0.469654,0.003412,-0.129185
0.050203,-0.687211,-0.033194,0.510075,0.001311,-0.139470
0.066360,-0.630859,-0.030457,0.538078,0.013524,-0.152248
0.075313,-0.576977,-0.020137,0.557031,0.037162,-0.160056
0.074546,-0.524855,-0.002541,0.570911,0.065389,-0.157173
0.064523,-0.470248,0.019748,0.581908,0.090546,-0.142283
0.049064,-0.409124,0.042928,0.589063,0.106124,-0.115458
0.033696,-0.343477,0.065320,0.588119,0.109481,-0.079203
0.021408,-0.283273,0.088803,0.574098,0.102606,-0.037541
0.010909,-0.242297,0.115730,0.545284,0.089511,0.006804
-0.000230,-0.229423,0.145896,0.504599,0.073895,0.045952
-0.012041,-0.241776,0.176944,0.457404,0.057962,0.068798
-0.022090,-0.268326,0.205376,0.408477,0.041618,0.072126
-0.025966,-0.299491,0.226818,0.361329,0.024384,0.060970
-0.018739,-0.330483,0.237755,0.319709,0.009567,0.042687
-0.000058,-0.357299,0.238396,0.287706,0.004686,0.023401
0.022350,-0.374484,0.233501,0.266782,0.015382,0.007826
0.036660,-0.378758,0.229779,0.253616,0.039187,-0.000700
0.035065,-0.372761,0.231934,0.242533,0.066293,-0.001936
0.017995,-0.363176,0.241192,0.229793,0.085883,0.001888
-0.008452,-0.356235,0.256729,0.214479,0.090761,0.009401
-0.036717,-0.356153,0.275592,0.196663,0.077632,0.019924
-0.058414,-0.364614,0.291422,0.177226,0.047633,0.029112
-0.064955,-0.377753,0.297973,0.158128,0.008612,0.031496
-0.053478,-0.388057,0.294478,0.140416,-0.026639,0.027963
-0.031364,-0.393515,0.284975,0.123748,-0.048475,0.024100
-0.010102,-0.398778,0.273745,0.108642,-0.056629,0.022843
0.004985,-0.406657,0.262552,0.096700,-0.057223,0.022581
0.016357,-0.414900,0.251354,0.088621,-0.054997,0.021344
0.027012,-0.420320,0.240813,0.083586,-0.050037,0.019988
0.035368,-0.421273,0.232504,0.080245,-0.041128,0.019764
0.038031,-0.415993,0.227481,0.077019,-0.029616,0.019794
0.034371,-0.403072,0.226077,0.071504,-0.019152,0.019308
0.027406,-0.384283,0.227124,0.060833,-0.013129,0.018402
0.022579,-0.363614,0.227713,0.042845,-0.012183,0.015931
0.024580,-0.345670,0.226361,0.016995,-0.012656,0.011984
0.031739,-0.338045,0.225536,-0.014198,-0.008536,0.010441
0.034916,-0.349405,0.229352,-0.044129,0.002622,0.013974
0.025769,-0.380062,0.239436,-0.064921,0.015712,0.020363
0.005225,-0.420126,0.253637,-0.072308,0.021479,0.026674
-0.017631,-0.458907,0.267495,-0.066641,0.013901,0.031927
-0.032388,-0.488993,0.276328,-0.050603,-0.005536,0.035210
-0.033081,-0.504393,0.277562,-0.028493,-0.028943,0.036141
-0.021386,-0.503335,0.272378,-0.005964,-0.047006,0.036443
-0.005098,-0.489742,0.264403,0.012005,-0.054839,0.037279
0.008627,-0.468157,0.256544,0.022185,-0.054009,0.036690
0.018086,-0.441745,0.250162,0.022378,-0.048775,0.033116
0.024125,-0.416640,0.246574,0.012046,-0.041459,0.028606
0.025366,-0.401725,0.247341,-0.005938,-0.032662,0.025470
0.019339,-0.401115,0.252915,-0.026147,-0.024264,0.023378
0.006484,-0.411275,0.262091,-0.043844,-0.019894,0.021547
-0.009336,-0.426291,0.272568,-0.056635,-0.022850,0.020645
-0.022861,-0.441183,0.281224,-0.063887,-0.034330,0.021271
-0.028872,-0.451017,0.284954,-0.066521,-0.052322,0.023104
-0.024452,-0.453116,0.282816,-0.067060,-0.071425,0.026455
-0.011764,-0.449558,0.276551,-0.068267,-0.085395,0.030968
0.003607,-0.442989,0.268196,-0.072145,-0.091219,0.033249
0.017298,-0.433609,0.259171,-0.080531,-0.090065,0.030746
0.026873,-0.423672,0.251638,-0.094632,-0.084673,0.025519
0.030113,-0.419461,0.247896,-0.113105,-0.077950,0.020970
0.026147,-0.426130,0.248522,-0.131737,-0.073467,0.018739
0.017486,-0.443977,0.252246,-0.145525,-0.074883,0.019692
0.009342,-0.470548,0.256905,-0.150667,-0.084218,0.024761
0.007098,-0.503478,0.260104,-0.144688,-0.100498,0.034012
0.014181,-0.539063,0.259582,-0.126226,-0.119802,0.045472
0.031113,-0.569396,0.253788,-0.096139,-0.136844,0.055431
0.055425,-0.584479,0.242630,-0.058583,-0.147232,0.061179
0.082541,-0.578879,0.227700,-0.020131,-0.149063,0.063354
0.107750,-0.555250,0.211886,0.012946,-0.142409,0.064113
0.127668,-0.522648,0.198443,0.037744,-0.128087,0.065790
0.141035,-0.491804,0.190017,0.054717,-0.107612,0.070531
0.149734,-0.469151,0.188293,0.063080,-0.081970,0.074647
0.157175,-0.458360,0.193248,0.059962,-0.050083,0.069734
0.164528,-0.464925,0.203011,0.047103,-0.010721,0.053570
0.169893,-0.491028,0.215041,0.033784,0.035013,0.030636
0.169793,-0.529068,0.227472,0.031323,0.084296,0.004974
0.159251,-0.563245,0.241026,0.046327,0.133719,-0.020006
0.132105,-0.577247,0.258175,0.076851,0.176671,-0.039063
0.087008,-0.564454,0.277709,0.113580,0.200355,-0.048084
0.037069,-0.530183,0.291880,0.146232,0.192778,-0.049849
0.008047,-0.482306,0.290458,0.168436,0.156504,-0.051337
0.019571,-0.426899,0.267436,0.177794,0.111450,-0.053227
0.069870,-0.372982,0.224927,0.175752,0.083065,-0.049494
0.139419,-0.329669,0.172966,0.167223,0.089634,-0.036380
0.202855,-0.298001,0.125684,0.155882,0.136780,-0.015639
0.237942,-0.273381,0.095417,0.139090,0.216817,0.006970
0.232928,-0.254953,0.088490,0.109031,0.311155,0.023616
0.191877,-0.249324,0.103755,0.059417,0.397144,0.026588
0.133103,-0.266838,0.133344,-0.007496,0.458434,0.010859
0.079321,-0.313759,0.166120,-0.079592,0.492859,-0.022516
0.044381,-0.386706,0.193303,-0.140131,0.510836,-0.064639
0.026628,-0.474044,0.212591,-0.173957,0.524970,-0.101375
0.014714,-0.559316,0.226784,-0.171751,0.540848,-0.120487
-0.001870,-0.623521,0.239336,-0.133560,0.555879,-0.118555
-0.026919,-0.651081,0.251148,-0.070038,0.562546,-0.100070
-0.055900,-0.638730,0.260438,0.001741,0.553505,-0.070766
-0.079660,-0.597108,0.266484,0.066134,0.529792,-0.034770
-0.095407,-0.540899,0.272487,0.113933,0.503372,0.003581
-0.113056,-0.478554,0.282881,0.140817,0.484984,0.038284
-0.145772,-0.413385,0.299669,0.143919,0.470245,0.064320
-0.195253,-0.351467,0.321508,0.122015,0.442043,0.080808
-0.247418,-0.303903,0.343554,0.077680,0.385335,0.088914
-0.280231,-0.282876,0.358480,0.018687,0.299190,0.090155
-0.276334,-0.295619,0.359960,-0.042637,0.200273,0.085631
-0.233241,-0.337579,0.347049,-0.093395,0.117669,0.075073
-0.168625,-0.393064,0.326547,-0.124674,0.077695,0.061138
-0.114781,-0.445119,0.308652,-0.133135,0.085011,0.051001
-0.096703,-0.481616,0.298109,-0.121321,0.117225,0.049098
-0.111124,-0.494673,0.291658,-0.098780,0.143296,0.051672
-0.133393,-0.484384,0.284166,-0.078957,0.149417,0.053457
-0.146270,-0.463080,0.274947,-0.069856,0.143199,0.055866
-0.153581,-0.445484,0.267591,-0.069146,0.135488,0.061487
-0.166252,-0.434129,0.265253,-0.070362,0.126587,0.067244
-0.186373,-0.421322,0.267327,-0.071834,0.108638,0.069873
-0.205336,-0.404261,0.269068,-0.077486,0.074676,0.070796
-0.209517,-0.390809,0.264157,-0.090147,0.026437,0.070364
-,-,-,-,-,-
-0.000365,-0.008608,0.003199,-0.002333,0.000252,0.001218
