-,-,-,-,-,-
-0.005656,-0.006725,0.002159,-0.000346,-0.000005,-0.000123
-0.032645,-0.038616,0.012362,-0.001974,-0.000042,-0.000778
-0.090580,-0.106557,0.034041,-0.005456,-0.000109,-0.002286
-0.167992,-0.196590,0.062595,-0.010196,-0.000059,-0.004344
-0.243295,-0.283547,0.089741,-0.015039,0.000256,-0.006314
-0.300479,-0.349140,0.109606,-0.019055,0.000716,-0.007780
-0.333829,-0.386755,0.120388,-0.021852,0.000921,-0.008561
-0.345890,-0.399663,0.123511,-0.023567,0.000376,-0.008626
-0.342802,-0.396475,0.122190,-0.024500,-0.001113,-0.008202
-0.331172,-0.386282,0.119678,-0.024820,-0.002935,-0.007724
-0.317277,-0.375622,0.117855,-0.024608,-0.003962,-0.007513
-0.306278,-0.367687,0.117188,-0.024096,-0.003611,-0.007535
-0.300804,-0.363161,0.117374,-0.023721,-0.002229,-0.007446
-0.300585,-0.361808,0.118054,-0.023808,-0.000598,-0.006944
-0.303519,-0.363045,0.119142,-0.024248,0.000565,-0.006149
-0.307278,-0.365629,0.120399,-0.024690,0.001072,-0.005373
-0.310433,-0.368198,0.121500,-0.024924,0.001150,-0.004778
-0.312227,-0.370062,0.122335,-0.024952,0.000944,-0.004544
-0.312333,-0.371163,0.122603,-0.024796,0.000824,-0.004860
-0.311730,-0.371497,0.121873,-0.024449,0.001356,-0.005628
-0.312549,-0.370950,0.120223,-0.024081,0.002191,-0.006528
-0.315535,-0.369849,0.118485,-0.024057,0.001916,-0.007237
-0.318503,-0.369030,0.117636,-0.024531,-0.000340,-0.007536
-0.318665,-0.369113,0.117854,-0.025243,-0.003489,-0.007230
-0.316039,-0.370058,0.118812,-0.025745,-0.005532,-0.006152
-0.313108,-0.371455,0.120522,-0.025642,-0.006020,-0.004703
-0.311328,-0.372802,0.122876,-0.024724,-0.006159,-0.003821
-0.309907,-0.373703,0.124997,-0.023036,-0.006504,-0.003944
-0.308196,-0.374087,0.125918,-0.020869,-0.006134,-0.004582
-0.307305,-0.374065,0.125548,-0.018656,-0.004550,-0.005141
-0.308214,-0.373604,0.124516,-0.016874,-0.003060,-0.005619
-0.309687,-0.372476,0.123234,-0.015864,-0.003184,-0.006123
-0.309631,-0.370625,0.121808,-0.015684,-0.004472,-0.006302
-0.307647,-0.368294,0.120569,-0.016157,-0.005130,-0.005767
-0.305128,-0.365953,0.119855,-0.016997,-0.004223,-0.004709
-0.303561,-0.364198,0.119666,-0.017913,-0.002303,-0.003701
-0.303446,-0.363318,0.119730,-0.018710,-0.000375,-0.003112
-0.304453,-0.362976,0.119605,-0.019329,0.001023,-0.002974
-0.306009,-0.362571,0.118972,-0.019823,0.001927,-0.003239
-0.307732,-0.362042,0.117806,-0.020253,0.002662,-0.003850
-0.309601,-0.361719,0.116469,-0.020653,0.003358,-0.004661
-0.311627,-0.361556,0.115610,-0.021109,0.003682,-0.005500
-0.313375,-0.361332,0.115475,-0.021766,0.003266,-0.006234
-0.314230,-0.361107,0.115680,-0.022722,0.002296,-0.006812
-0.314086,-0.360995,0.115793,-0.024019,0.001450,-0.007158
-0.313616,-0.360955,0.115761,-0.025653,0.001340,-0.007033
-0.313719,-0.361208,0.115839,-0.027523,0.001902,-0.006287
-0.314544,-0.362335,0.116251,-0.029354,0.002448,-0.005175
-0.315441,-0.364680,0.117117,-0.030732,0.002514,-0.004173
-0.315957,-0.367950,0.118451,-0.031252,0.002272,-0.003635
-0.316238,-0.371184,0.119894,-0.030805,0.002031,-0.003694
-0.316561,-0.373244,0.120745,-0.029753,0.001868,-0.004219
-0.317017,-0.373735,0.120604,-0.028705,0.001686,-0.004765
-0.317506,-0.373503,0.119892,-0.028078,0.001271,-0.004859
-0.317832,-0.373930,0.119441,-0.027775,0.000463,-0.004446
-0.317916,-0.375515,0.119666,-0.027257,-0.000592,-0.003946
-0.318081,-0.377334,0.120163,-0.026061,-0.001606,-0.003812
-0.318863,-0.377974,0.120216,-0.024247,-0.002564,-0.004110
-0.320105,-0.376565,0.119590,-0.022348,-0.003860,-0.004595
-0.320747,-0.373114,0.118529,-0.021026,-0.005683,-0.004908
-0.319957,-0.368446,0.117360,-0.020705,-0.007437,-0.004668
-0.318024,-0.363675,0.116379,-0.021398,-0.008462,-0.003828
-0.315705,-0.359622,0.115862,-0.022865,-0.008894,-0.002833
-0.313263,-0.356795,0.115956,-0.024821,-0.009099,-0.002099
-0.310817,-0.355561,0.116644,-0.026996,-0.008995,-0.001612
-0.308929,-0.355999,0.117865,-0.029160,-0.008309,-0.001118
-0.308160,-0.357771,0.119643,-0.031136,-0.007098,-0.000286
-0.308545,-0.360514,0.122144,-0.032656,-0.005923,0.001010
-0.309794,-0.363466,0.125074,-0.033240,-0.005604,0.002206
-0.311463,-0.364922,0.127373,-0.032665,-0.007032,0.002342
-0.312253,-0.363306,0.128008,-0.031528,-0.010606,0.001013
-0.310025,-0.358446,0.126659,-0.031032,-0.014888,-0.001026
-0.304438,-0.352202,0.124098,-0.032132,-0.016681,-0.002206
-0.298645,-0.347979,0.122042,-0.034804,-0.014013,-0.001596
-0.296134,-0.348876,0.122130,-0.037935,-0.008461,0.000130
-0.297356,-0.355613,0.124801,-0.039750,-0.003065,0.001476
-0.300958,-0.365823,0.128877,-0.038724,0.000702,0.001575
-0.305846,-0.375755,0.132324,-0.034512,0.002571,0.000468
-0.310982,-0.382528,0.133364,-0.028134,0.002458,-0.001245
-0.315274,-0.385104,0.131415,-0.021354,0.000675,-0.002637
-0.317845,-0.383779,0.127187,-0.015751,-0.002163,-0.003458
-0.318120,-0.379439,0.121385,-0.012364,-0.004797,-0.004040
-0.317231,-0.374054,0.114614,-0.011678,-0.005409,-0.004112
-0.318001,-0.370737,0.108669,-0.013219,-0.003973,-0.003528
-0.321526,-0.371808,0.105553,-0.015481,-0.002840,-0.003134
-0.325961,-0.376890,0.105406,-0.016737,-0.003698,-0.003696
-0.329340,-0.383086,0.106723,-0.016048,-0.006191,-0.005022
-0.331030,-0.386960,0.107918,-0.013769,-0.009509,-0.006381
-0.330616,-0.386798,0.108351,-0.011212,-0.013102,-0.006994
-0.327670,-0.383135,0.108364,-0.009689,-0.016029,-0.006318
-0.322781,-0.377572,0.108533,-0.009764,-0.017235,-0.004434
-0.317591,-0.371859,0.109038,-0.011194,-0.016586,-0.002208
-0.313528,-0.367491,0.109753,-0.013313,-0.014916,-0.000718
-0.310950,-0.365201,0.110518,-0.015485,-0.013060,-0.000376
-0.309588,-0.364819,0.111174,-0.017367,-0.011252,-0.000777
-0.309327,-0.365782,0.111855,-0.018897,-0.009472,-0.001238
-0.310013,-0.367453,0.113083,-0.020063,-0.008071,-0.001519
-0.310772,-0.368995,0.114904,-0.020826,-0.007525,-0.001877
-0.310478,-0.369417,0.116525,-0.021279,-0.007570,-0.002450
-0.309063,-0.368151,0.117359,-0.021707,-0.007330,-0.003034
-0.307463,-0.365690,0.117675,-0.022373,-0.006409,-0.003450
-0.306241,-0.363224,0.118003,-0.023305,-0.005161,-0.003721
-0.305171,-0.361631,0.118611,-0.024348,-0.003950,-0.003884
-0.304052,-0.361074,0.119522,-0.025373,-0.002738,-0.003851
-0.303148,-0.361386,0.120558,-0.026309,-0.001318,-0.003487
-0.302813,-0.362395,0.121586,-0.026991,0.000370,-0.002841
-0.303024,-0.363773,0.122736,-0.027183,0.002160,-0.002287
-0.303472,-0.364874,0.123954,-0.026781,0.003888,-0.002211
-0.304104,-0.365072,0.124847,-0.025935,0.005558,-0.002706
-0.305269,-0.364284,0.125220,-0.024959,0.007109,-0.003626
-0.306926,-0.363001,0.125226,-0.024142,0.008212,-0.004781
-0.308193,-0.361682,0.125051,-0.023657,0.008658,-0.005981
-0.308409,-0.360517,0.124800,-0.023588,0.008828,-0.006869
-0.308121,-0.359873,0.124758,-0.023903,0.009137,-0.007149
-0.308177,-0.360015,0.125168,-0.024404,0.009401,-0.006969
-0.308637,-0.360436,0.125740,-0.024885,0.009467,-0.006603
-0.309400,-0.360590,0.126079,-0.025289,0.009605,-0.006138
-0.310684,-0.360520,0.125988,-0.025652,0.009992,-0.005606
-0.312499,-0.360454,0.125161,-0.026056,0.010792,-0.004856
-0.314903,-0.360914,0.123601,-0.026556,0.012236,-0.003565
-0.318377,-0.362687,0.121962,-0.026922,0.013774,-0.001996
-0.322917,-0.365914,0.120782,-0.026636,0.013948,-0.001151
-0.327368,-0.369633,0.119957,-0.025321,0.011757,-0.001786
-0.330340,-0.372552,0.119100,-0.023089,0.007600,-0.003713
-0.331342,-0.373983,0.118167,-0.020418,0.002650,-0.006114
-0.330599,-0.373959,0.117467,-0.017825,-0.002204,-0.008234
-0.328243,-0.372778,0.117181,-0.015708,-0.006500,-0.009707
-0.324342,-0.370659,0.117291,-0.014370,-0.009834,-0.010384
-,-,-,-,-,-
-0.005461,-0.006469,0.002212,-0.000344,-0.000233,-0.000151
-0.031355,-0.037350,0.012765,-0.002013,-0.001233,-0.000870
-0.086540,-0.103573,0.035259,-0.005741,-0.002799,-0.002290
-0.160064,-0.192142,0.064954,-0.011069,-0.003448,-0.003759
-0.232412,-0.279209,0.093749,-0.016644,-0.002284,-0.004678
-0.289049,-0.347155,0.115977,-0.020970,-0.000385,-0.005459
-0.323320,-0.388328,0.128965,-0.023107,0.000916,-0.006803
-0.336372,-0.403391,0.132829,-0.023219,0.001537,-0.008531
-0.334902,-0.399050,0.130120,-0.022476,0.001854,-0.009719
-0.326789,-0.385262,0.124390,-0.022206,0.002112,-0.009620
-0.317974,-0.371312,0.118828,-0.023001,0.002617,-0.008253
-0.311788,-0.362870,0.115422,-0.024469,0.003580,-0.006381
-0.309585,-0.361377,0.114532,-0.025684,0.004827,-0.004961
-0.311374,-0.365066,0.115583,-0.025849,0.005593,-0.004480
-0.315524,-0.370648,0.117899,-0.024781,0.004400,-0.004247
-0.319043,-0.375251,0.119974,-0.022850,0.000763,-0.002717
-0.320420,-0.377504,0.120048,-0.020585,-0.003185,0.000566
-0.320961,-0.377521,0.118396,-0.018599,-0.005484,0.004274
-0.321898,-0.376474,0.116802,-0.017344,-0.006605,0.006638
-0.322893,-0.375297,0.116509,-0.016765,-0.007523,0.006797
-0.323480,-0.373999,0.117632,-0.016524,-0.008716,0.004967
-0.323311,-0.372055,0.119442,-0.016387,-0.010478,0.001916
-0.321741,-0.368964,0.121089,-0.016478,-0.012411,-0.001178
-0.318594,-0.364810,0.121915,-0.017118,-0.013473,-0.003230
-0.314704,-0.359972,0.121573,-0.018448,-0.012979,-0.003878
-0.311193,-0.354829,0.120446,-0.020371,-0.011356,-0.003381
-0.308336,-0.349727,0.119267,-0.022715,-0.009742,-0.002339
-0.305232,-0.344831,0.118227,-0.025445,-0.008389,-0.001283
-0.301283,-0.340698,0.117093,-0.028659,-0.005961,-0.000267
-0.297822,-0.338715,0.116121,-0.032268,-0.001276,0.000667
-0.296846,-0.340129,0.116091,-0.035733,0.004858,0.000879
-0.298620,-0.344793,0.117381,-0.038223,0.010377,-0.000405
-0.301866,-0.350868,0.119260,-0.039107,0.013961,-0.003287
-0.305321,-0.354983,0.120529,-0.038906,0.015796,-0.006972
-0.308374,-0.354483,0.120894,-0.039178,0.017019,-0.011016
-0.311381,-0.350904,0.121342,-0.040527,0.017983,-0.015632
-0.314504,-0.348306,0.123007,-0.041891,0.017066,-0.019408
-0.315813,-0.348409,0.125315,-0.041905,0.013028,-0.020086
-0.312929,-0.349605,0.126498,-0.040218,0.007627,-0.017428
-0.306412,-0.349479,0.125912,-0.037704,0.004160,-0.013163
-0.299739,-0.346755,0.124434,-0.035630,0.004401,-0.009394
-0.296544,-0.341631,0.123179,-0.035036,0.007671,-0.006611
-0.298892,-0.335628,0.122724,-0.036298,0.011599,-0.003666
-0.306036,-0.330095,0.123455,-0.038934,0.012738,-0.000272
-0.313071,-0.324347,0.125132,-0.042262,0.008861,0.002750
-0.314446,-0.316935,0.126762,-0.046035,0.001674,0.005454
-0.309425,-0.308950,0.128630,-0.050228,-0.005590,0.009522
-0.300614,-0.303434,0.132301,-0.054366,-0.011873,0.016336
-0.289334,-0.300907,0.137604,-0.057440,-0.017008,0.023826
-0.275041,-0.298099,0.141807,-0.059206,-0.019073,0.028554
-0.258373,-0.291216,0.142078,-0.061148,-0.014425,0.030612
-0.242927,-0.279543,0.138249,-0.065514,-0.001249,0.032759
-0.231380,-0.265651,0.132377,-0.073621,0.017714,0.036194
-0.222487,-0.252654,0.125300,-0.085189,0.038879,0.039964
-0.215306,-0.242453,0.116336,-0.099325,0.061410,0.043465
-0.212480,-0.236863,0.105708,-0.115347,0.084932,0.046889
-0.216866,-0.238500,0.094634,-0.132544,0.107398,0.050601
-0.228245,-0.248127,0.084457,-0.150159,0.126573,0.054655
-0.244508,-0.264347,0.076352,-0.167433,0.141461,0.058144
-0.263120,-0.285570,0.070649,-0.183249,0.151934,0.060276
-0.280753,-0.309076,0.066156,-0.196436,0.158858,0.061814
-0.294222,-0.331426,0.061092,-0.206119,0.164914,0.064068
-0.302635,-0.349612,0.054754,-0.212068,0.173507,0.066820
-0.308108,-0.362341,0.047533,-0.215642,0.186591,0.069029
-0.314601,-0.370720,0.040288,-0.219204,0.203209,0.070220
-0.325551,-0.375593,0.033132,-0.224767,0.219533,0.071275
-0.342582,-0.378175,0.025302,-0.233286,0.230685,0.074781
-0.364867,-0.383264,0.017429,-0.243333,0.232301,0.081700
-0.388804,-0.396608,0.011828,-0.251061,0.222658,0.089726
-0.410806,-0.419910,0.010801,-0.252488,0.203987,0.096001
-0.429197,-0.450350,0.014966,-0.245013,0.180052,0.098691
-0.442726,-0.480693,0.022558,-0.227939,0.153300,0.097417
-0.450244,-0.501956,0.030104,-0.202906,0.124533,0.092500
-0.451371,-0.508917,0.033459,-0.173293,0.094852,0.083119
-0.446697,-0.500380,0.030165,-0.143525,0.067057,0.068822
-0.438096,-0.479589,0.021239,-0.118149,0.044431,0.052438
-0.428432,-0.454811,0.010124,-0.099902,0.029080,0.038401
-0.421050,-0.434692,0.000553,-0.088536,0.021012,0.028860
-0.418856,-0.423073,-0.004914,-0.081643,0.017087,0.022879
-0.421827,-0.418077,-0.005374,-0.076788,0.011798,0.018601
-0.426104,-0.417046,-0.001408,-0.072502,0.001489,0.015190
-0.427939,-0.420545,0.005958,-0.067363,-0.012919,0.012820
-0.427320,-0.429118,0.015746,-0.059506,-0.029061,0.011315
-0.425377,-0.439313,0.025729,-0.047675,-0.046501,0.009598
-0.420613,-0.445406,0.032584,-0.032354,-0.064965,0.007049
-0.410643,-0.443080,0.034445,-0.015722,-0.082193,0.004334
-0.395938,-0.430477,0.031783,-0.000907,-0.095719,0.002399
-0.379112,-0.408531,0.026650,0.008946,-0.105332,0.001578
-0.360950,-0.382093,0.022077,0.011924,-0.111988,0.001565
-0.340440,-0.358501,0.020571,0.008359,-0.114416,0.002249
-0.320155,-0.344101,0.023171,0.000753,-0.109701,0.004099
-0.306986,-0.341899,0.029690,-0.007258,-0.098625,0.006631
-0.304397,-0.350063,0.038414,-0.012370,-0.086921,0.008320
-0.308741,-0.362924,0.046311,-0.012831,-0.079523,0.008739
-0.314526,-0.373989,0.050864,-0.008886,-0.077154,0.008799
-0.317841,-0.378766,0.051696,-0.002489,-0.078525,0.009551
-0.315792,-0.377365,0.050209,0.004010,-0.081355,0.011833
-0.308800,-0.372938,0.048372,0.009011,-0.082348,0.016204
-0.302210,-0.368151,0.048206,0.011720,-0.080636,0.022039
-0.299914,-0.364674,0.050450,0.012254,-0.079440,0.026885
-0.298608,-0.362647,0.053196,0.011520,-0.080498,0.028721
-0.293309,-0.360732,0.054201,0.010379,-0.079741,0.028288
-0.285076,-0.358267,0.053772,0.009161,-0.071463,0.027794
-0.280016,-0.357055,0.054136,0.008111,-0.054477,0.028828
-0.283210,-0.359923,0.057005,0.008203,-0.033405,0.030653
-0.294114,-0.365828,0.061414,0.010756,-0.015212,0.030823
-0.306927,-0.369053,0.064006,0.015818,-0.004012,0.029885
-0.316577,-0.365577,0.062298,0.021578,0.000866,0.032183
-0.322549,-0.357510,0.057101,0.025758,0.001432,0.040120
-0.325167,-0.349638,0.050959,0.027455,-0.001385,0.050939
-0.323406,-0.343914,0.045829,0.027257,-0.005354,0.060457
-0.318725,-0.339571,0.042886,0.025875,-0.006747,0.067300
-0.315798,-0.335701,0.042494,0.023535,-0.004162,0.071999
-0.317245,-0.332349,0.043514,0.020463,0.000686,0.073972
-0.320655,-0.331178,0.044081,0.017517,0.006336,0.071650
-0.322992,-0.333732,0.044125,0.016037,0.013392,0.066261
-0.325516,-0.339778,0.045574,0.016863,0.022117,0.061773
-0.331290,-0.347286,0.049226,0.020172,0.029914,0.059611
-0.339442,-0.352244,0.052592,0.025573,0.033629,0.056953
-0.345505,-0.349964,0.051585,0.031417,0.033633,0.051064
-0.346884,-0.337868,0.044710,0.034979,0.033105,0.043686
-0.344761,-0.319240,0.034975,0.034029,0.034271,0.038534
-0.341577,-0.302894,0.027412,0.028435,0.037393,0.036557
-0.339581,-0.295987,0.025637,0.020393,0.042068,0.036078
-0.341124,-0.299636,0.030050,0.013173,0.047325,0.034161
-0.347537,-0.310799,0.038014,0.009442,0.051124,0.028340
-0.357292,-0.324714,0.046108,0.010002,0.051493,0.018977
-0.366289,-0.338004,0.051416,0.014030,0.048698,0.007187
-,-,-,-,-,-
-0.007046,-0.005709,0.000950,0.000821,0.001208,0.000717
-0.040894,-0.033246,0.005205,0.004437,0.006401,0.003826
-0.114002,-0.093516,0.013618,0.011472,0.015761,0.009536
-0.211673,-0.176200,0.023943,0.019816,0.025378,0.015619
-0.305734,-0.258732,0.033604,0.026717,0.032037,0.020156
-0.376262,-0.322542,0.042413,0.030400,0.034881,0.021932
-0.416934,-0.359498,0.051692,0.030382,0.033932,0.017894
-0.430847,-0.370183,0.060633,0.027318,0.030927,0.005509
-0.426794,-0.361300,0.066471,0.022456,0.028816,-0.011710
-0.415377,-0.344101,0.067835,0.017634,0.029025,-0.026152
-0.404435,-0.329378,0.065111,0.015020,0.031132,-0.033578
-0.398293,-0.321081,0.059780,0.015497,0.034311,-0.034964
-0.398358,-0.316257,0.053972,0.017794,0.037012,-0.032108
-0.402185,-0.311325,0.048907,0.019806,0.036889,-0.026266
-0.405192,-0.305417,0.044602,0.020146,0.033316,-0.019714
-0.405126,-0.299029,0.041335,0.018361,0.028380,-0.014719
-0.403190,-0.292557,0.039835,0.014545,0.024518,-0.012815
-0.401777,-0.286196,0.039974,0.009103,0.022798,-0.014258
-0.403204,-0.280637,0.040776,0.002463,0.022737,-0.016679
-0.408376,-0.277094,0.041748,-0.004935,0.022492,-0.017163
-0.414920,-0.276760,0.042563,-0.012148,0.020266,-0.014944
-0.418911,-0.279125,0.042376,-0.018099,0.015944,-0.010483
-0.418119,-0.281396,0.040739,-0.022627,0.010724,-0.004705
-0.411946,-0.281457,0.038253,-0.026468,0.006193,0.000401
-0.400904,-0.279093,0.036121,-0.030462,0.004601,0.002917
-0.388110,-0.275258,0.035036,-0.035038,0.007667,0.002620
-0.378313,-0.272699,0.034834,-0.040063,0.013866,0.000170
-0.373518,-0.274252,0.035288,-0.044992,0.019646,-0.003794
-0.372017,-0.280203,0.036196,-0.049227,0.023633,-0.007807
-0.372879,-0.289729,0.037264,-0.052284,0.026876,-0.010003
-0.378263,-0.302955,0.038671,-0.053681,0.029317,-0.009843
-0.389532,-0.320056,0.041077,-0.052848,0.028339,-0.008524
-0.403169,-0.339329,0.044607,-0.049267,0.021473,-0.007820
-0.412858,-0.356977,0.048190,-0.042949,0.009755,-0.008487
-0.415252,-0.369225,0.050446,-0.034885,-0.002856,-0.009816
-0.411519,-0.374314,0.050757,-0.026898,-0.013083,-0.010565
-0.403922,-0.373502,0.049438,-0.020839,-0.019615,-0.009689
-0.394269,-0.370940,0.048017,-0.017534,-0.021587,-0.006432
-0.385452,-0.371481,0.048769,-0.016178,-0.018598,-0.000799
-0.380913,-0.377766,0.052760,-0.014742,-0.012394,0.005936
-0.381785,-0.388774,0.058790,-0.011202,-0.006405,0.011973
-0.386485,-0.401104,0.064705,-0.004730,-0.003304,0.016276
-0.392776,-0.411471,0.069043,0.004205,-0.003853,0.018058
-0.398757,-0.418048,0.071248,0.014697,-0.007364,0.016154
-0.403244,-0.420208,0.071563,0.025940,-0.012861,0.010632
-0.405914,-0.417659,0.070489,0.037278,-0.019978,0.003015
-0.406506,-0.410612,0.067988,0.048102,-0.028527,-0.004959
-0.404751,-0.400426,0.063978,0.057793,-0.037577,-0.011914
-0.401029,-0.388918,0.059176,0.065886,-0.045426,-0.017532
-0.396268,-0.377360,0.055001,0.072142,-0.050734,-0.022216
-0.390988,-0.366530,0.052665,0.076605,-0.053331,-0.026400
-0.384704,-0.357141,0.052416,0.079573,-0.053236,-0.030245
-0.377803,-0.350896,0.053655,0.081700,-0.049589,-0.033192
-0.373770,-0.350259,0.055766,0.084345,-0.041875,-0.034583
-0.377586,-0.356298,0.059003,0.089228,-0.031931,-0.034352
-0.392568,-0.368302,0.064186,0.097724,-0.023760,-0.033084
-0.419162,-0.384149,0.071136,0.110830,-0.022572,-0.031955
-0.454229,-0.399884,0.077535,0.129183,-0.035249,-0.032169
-0.489682,-0.409702,0.079602,0.152334,-0.068949,-0.035972
-0.511808,-0.405156,0.073741,0.177179,-0.125230,-0.045900
-0.505495,-0.377547,0.058521,0.196578,-0.193726,-0.057728
-0.465395,-0.328019,0.038164,0.201828,-0.253599,-0.060085
-0.402947,-0.271937,0.022527,0.188866,-0.286171,-0.046661
-0.338473,-0.227532,0.020396,0.161219,-0.286839,-0.023167
-0.287632,-0.204415,0.034193,0.127024,-0.263532,-0.000882
-0.256687,-0.203016,0.059255,0.094527,-0.227356,0.012393
-0.245982,-0.217283,0.086901,0.069283,-0.187828,0.015202
-0.252419,-0.237803,0.110221,0.053097,-0.153258,0.010798
-0.268862,-0.258142,0.126316,0.045050,-0.129356,0.004289
-0.286297,-0.276676,0.135258,0.043532,-0.116612,-0.000885
-0.298523,-0.291413,0.139182,0.046597,-0.111289,-0.004405
-0.304096,-0.299081,0.140316,0.051631,-0.108878,-0.007394
-0.305352,-0.298043,0.139582,0.055828,-0.106816,-0.010621
-0.305163,-0.288283,0.137110,0.056599,-0.105362,-0.013836
-0.302769,-0.272072,0.133419,0.052037,-0.105603,-0.015847
-0.294084,-0.254920,0.130519,0.041898,-0.105841,-0.015700
-0.277780,-0.242833,0.130825,0.028068,-0.100930,-0.013639
-0.259546,-0.239285,0.135006,0.013625,-0.086726,-0.010687
-0.247989,-0.244995,0.142027,0.001472,-0.064741,-0.008218
-0.247176,-0.258488,0.150331,-0.006401,-0.041018,-0.007568
-0.255125,-0.276200,0.158285,-0.009136,-0.021234,-0.009411
-0.267727,-0.293289,0.164111,-0.007161,-0.007764,-0.013528
-0.282039,-0.305265,0.166136,-0.002213,-0.000029,-0.018828
-0.296836,-0.309489,0.163751,0.003161,0.003426,-0.023683
-0.310977,-0.305822,0.157692,0.006436,0.003533,-0.026708
-0.322273,-0.296243,0.149260,0.005714,0.001562,-0.026866
-0.328915,-0.284692,0.140478,0.000205,-0.000234,-0.023290
-0.331107,-0.276494,0.134178,-0.009229,0.000270,-0.016137
-0.331133,-0.275848,0.132466,-0.020120,0.003801,-0.007208
-0.331996,-0.283259,0.135197,-0.029353,0.009200,0.000671
-0.335463,-0.295072,0.139760,-0.034683,0.014343,0.005160
-0.342015,-0.306053,0.142760,-0.035927,0.018066,0.006129
-0.352339,-0.313059,0.142721,-0.034548,0.020050,0.005354
-0.366524,-0.315789,0.140689,-0.032229,0.019030,0.004359
-0.382107,-0.314829,0.138069,-0.030215,0.013646,0.003751
-0.395486,-0.310932,0.135592,-0.029379,0.004583,0.003986
-0.404688,-0.305857,0.133961,-0.029961,-0.006139,0.005289
-0.409505,-0.301575,0.133483,-0.031414,-0.016800,0.007403
-0.410986,-0.298700,0.133579,-0.033058,-0.026084,0.009890
-0.411554,-0.296791,0.133372,-0.034713,-0.033480,0.012131
-0.413251,-0.295252,0.132332,-0.036649,-0.040122,0.013640
-0.415567,-0.293857,0.130593,-0.039178,-0.047716,0.014749
-0.416738,-0.292796,0.129042,-0.042259,-0.056580,0.016376
-0.416706,-0.291801,0.128604,-0.045474,-0.066088,0.018804
-0.416012,-0.289787,0.129070,-0.048376,-0.076403,0.020901
-0.413015,-0.285037,0.129193,-0.050970,-0.087361,0.021524
-0.406545,-0.275985,0.127674,-0.054121,-0.096737,0.021280
-0.399262,-0.262759,0.123805,-0.059262,-0.102718,0.021706
-0.393801,-0.246203,0.117792,-0.067894,-0.106566,0.023657
-0.387802,-0.227236,0.110621,-0.081513,-0.109724,0.027201
-0.377177,-0.209226,0.103996,-0.100745,-0.109937,0.031226
-0.362703,-0.198106,0.100348,-0.124166,-0.103235,0.033292
-0.349739,-0.199898,0.102662,-0.148665,-0.089395,0.031862
-0.342452,-0.219254,0.114132,-0.169956,-0.073368,0.027423
-0.342263,-0.258396,0.136426,-0.182544,-0.061393,0.021795
-0.350955,-0.312358,0.166583,-0.181558,-0.059072,0.017120
-0.367240,-0.365084,0.195530,-0.165969,-0.072190,0.013415
-0.380844,-0.396799,0.211429,-0.140466,-0.101229,0.009403
-0.380788,-0.396465,0.207167,-0.114323,-0.135120,0.006478
-0.368568,-0.366700,0.185553,-0.097424,-0.159251,0.008727
-0.354255,-0.319923,0.156517,-0.096051,-0.168785,0.018614
-0.343084,-0.270534,0.129464,-0.111106,-0.168328,0.034107
-0.333186,-0.229920,0.109113,-0.139149,-0.162305,0.050944
-0.323318,-0.206429,0.097639,-0.174146,-0.151694,0.065901
-0.315873,-0.205933,0.096947,-0.208778,-0.138304,0.077010
-0.312552,-0.231144,0.107649,-0.235422,-0.126028,0.082765
-0.313674,-0.279253,0.128218,-0.246922,-0.117476,0.081618
-0.320660,-0.338557,0.153490,-0.238868,-0.114512,0.072058
-,-,-,-,-,-
-0.005740,-0.006553,0.002302,-0.001735,-0.003564,-0.000202
